 273.624  572.292  903.204 1267.172 1664.228 2094.372 2557.604 3053.924 3583.332 4145.828 4741.412 5370.084 6031.844 6717.988 7225.028 6026.776 
 572.292 1196.904 1888.932 2650.088 3480.440 4379.988 5348.731 6386.671 7493.808 8670.140 9915.668 11230.392 12614.312 14048.932 15105.512 12589.060 
 903.204 1888.932 2981.040 4182.240 5492.640 6912.240 8441.039 10079.039 11826.240 13682.640 15648.240 17723.039 19907.039 22170.863 23835.492 19855.330 
1267.172 2650.088 4182.240 5867.440 7705.840 9697.441 11842.240 14140.240 16591.441 19195.840 21953.441 24864.240 27928.240 31104.094 33437.480 27847.139 
1664.228 3480.440 5492.640 7705.840 10120.240 12735.841 15552.640 18570.641 21789.840 25210.238 28831.840 32654.639 36678.637 40849.438 43912.375 36565.473 
2094.372 4379.988 6912.240 9697.441 12735.841 16027.441 19572.240 23370.240 27421.439 31725.840 36283.445 41094.238 46158.238 51406.895 55260.180 46010.340 
2557.604 5348.731 8441.039 11842.240 15552.640 19572.240 23901.039 28539.039 33486.238 38742.637 44308.238 50183.039 56367.039 62776.465 67480.891 56181.734 
3053.924 6386.671 10079.039 14140.240 18570.641 23370.240 28539.039 34077.039 39984.238 46260.637 52906.238 59921.039 67305.047 74958.141 80574.508 67079.656 
3583.332 7493.808 11826.240 16591.441 21789.840 27421.439 33486.238 39984.238 46915.438 54279.840 62077.445 70308.250 78972.242 87951.945 94541.047 78704.102 
4145.828 8670.140 13682.640 19195.840 25210.238 31725.840 38742.637 46260.637 54279.840 62800.242 71821.844 81344.641 91368.641 101757.844 109380.477 91055.078 
4741.412 9915.668 15648.240 21953.441 28831.840 36283.445 44308.238 52906.238 62077.445 71821.844 82139.453 93030.242 104494.242 116375.867 125092.820 104132.586 
5370.084 11230.392 17723.039 24864.240 32654.639 41094.238 50183.039 59921.039 70308.250 81344.641 93030.242 105365.047 118349.047 131805.984 141678.078 117936.609 
6031.844 12614.312 19907.039 27928.240 36678.637 46158.238 56367.039 67305.047 78972.242 91368.641 104494.242 118349.047 132933.031 148048.219 159136.234 132467.172 
6717.988 14048.932 22170.863 31104.094 40849.438 51406.895 62776.465 74958.141 87951.945 101757.844 116375.867 131805.984 148048.219 164881.719 177222.500 147454.438 
7225.028 15105.512 23835.492 33437.480 43912.375 55260.180 67480.891 80574.508 94541.047 109380.477 125092.820 141678.078 159136.234 177222.500 190302.312 157576.000 
6026.776 12589.060 19855.330 27847.139 36565.473 46010.340 56181.734 67079.656 78704.102 91055.078 104132.586 117936.617 132467.172 147454.453 157576.000 128436.055 
