 262.400  554.000  878.000 1234.400 1623.200 2044.400 2498.000 2984.000 3502.400 4053.200 4636.400 5252.000 5900.000 6580.400 7293.200 7168.000 
 554.000 1169.600 1853.600 2606.000 3426.800 4316.000 5273.600 5565.200 6768.400 8556.800 9788.000 11087.600 12455.600 13892.000 15396.800 15120.399 
 878.000 1853.600 2937.600 4130.000 5430.800 6840.000 8357.600 8817.200 10724.400 13560.800 15512.000 17571.602 19739.602 22016.000 24400.801 23956.398 
1234.400 2606.000 4130.000 5806.400 7635.200 9616.400 11750.000 12394.399 15075.999 19065.199 21808.398 24704.000 27752.000 30952.398 34305.199 33676.000 
1623.200 3426.800 5430.800 7635.200 10040.000 12645.200 15450.800 16296.801 19823.199 25070.000 28677.199 32484.801 36492.801 40701.199 45110.000 45272.801 
2044.400 4316.000 6840.000 9616.400 12645.200 15926.400 19460.000 20524.400 24966.000 31575.199 36118.398 40914.000 45962.000 51262.398 56815.199 55766.000 
2498.000 5273.600 8357.600 11750.000 15450.800 19460.000 23777.602 25077.201 30504.398 38580.801 44132.000 49991.602 56159.602 62636.000 69420.797 68136.406 
2984.000 6299.600 9983.600 14036.000 18456.801 23246.000 28403.602 29955.201 36438.398 46086.801 52718.000 59717.602 67085.594 74822.000 82926.797 81390.406 
3502.400 7394.000 11718.000 16474.398 21663.199 27284.398 33338.000 39824.000 46742.398 54093.199 61876.398 70092.000 78740.000 87820.406 97333.203 95528.000 
4053.200 8556.800 13560.800 19065.199 25070.000 31575.199 38580.801 40686.801 49493.199 62600.000 71607.203 81114.797 91122.797 101631.203 112640.000 110549.203 
4636.400 9788.000 15512.000 21808.398 28677.199 36118.398 44132.000 46540.402 56614.000 71607.203 81910.406 92786.000 104234.000 116254.406 128847.203 126454.000 
5252.000 11087.600 17571.602 24704.000 32484.801 40914.000 49991.602 52719.199 64130.402 81114.797 92786.000 105105.594 118073.594 131690.000 145954.797 143242.406 
5900.000 12455.600 19739.602 27752.000 36492.801 45962.000 56159.602 59223.195 72042.406 91122.797 104234.000 118073.594 132641.594 147938.000 163962.797 166176.797 
6580.400 13892.000 22016.000 30952.398 40701.199 51262.398 62636.000 66052.398 80350.000 101631.203 116254.406 131690.000 147938.000 164998.406 182871.203 179470.000 
7293.200 15396.800 24400.801 34305.199 45110.000 56815.199 69420.797 73206.797 89053.203 112640.000 128847.203 145954.797 163962.797 182871.203 202680.000 198909.203 
7168.000 15120.400 23956.398 33676.000 44279.199 55766.000 68136.406 70676.805 86401.594 110549.203 126454.000 143242.406 160914.406 179470.000 198909.203 192249.594 
