10109.016 20369.914 30826.689 41484.355 52343.105 63402.945 74663.875 86125.891 97789.000 109653.188 121718.469 133984.828 146452.312 159120.828 171990.484 185061.188 198333.000 211805.906 225479.875 239354.953 253431.109 267708.312 282186.688 296866.094 311746.594 326828.188 342110.906 357594.688 373279.531 389165.500 405252.531 421540.656 438029.906 454720.188 471611.562 488704.062 505997.625 523492.281 541188.062 559084.812 577182.812 595481.812 613981.875 632683.062 651585.312 670688.688 689993.125 709498.688 729205.312 749113.062 769221.812 789531.688 810042.688 830754.750 851667.875 872782.125 894097.500 915613.875 937331.375 959250.000 981369.625 1003690.438 1026212.312 1048935.375 1071859.375 1094984.375 1118310.625 1141838.000 1165566.375 1189495.750 1213626.375 1237958.000 1262490.750 1287224.500 1312159.375 1337295.375 1362632.500 1388170.750 1413910.000 1439850.375 1465991.750 1492334.375 1518878.000 1545622.625 1572568.375 1599715.375 1627063.375 1654612.375 1682362.500 1710313.750 1738466.000 1766819.375 1795374.000 1824129.500 1853086.125 1882243.875 1911602.875 1939142.750 1918282.375 1503919.750 
20369.914 41045.836 62116.430 83591.812 105472.398 127758.180 150449.172 173545.328 197046.703 220953.266 245265.016 269981.969 295104.125 320631.469 346564.000 372901.750 399644.688 426792.812 454346.156 482304.656 510668.375 539437.312 568611.438 598190.688 628175.250 658564.938 689359.812 720559.938 752165.188 784175.688 816591.375 849412.250 882638.312 916269.562 950306.062 984747.750 1019594.562 1054846.625 1090504.000 1126566.250 1163033.875 1199906.875 1237184.875 1274868.125 1312956.375 1351450.000 1390349.000 1429653.000 1469362.250 1509476.500 1549996.000 1590921.000 1632251.000 1673986.250 1716126.375 1758672.000 1801623.000 1844978.875 1888740.125 1932906.250 1977477.875 2022454.750 2067836.750 2113624.000 2159816.250 2206413.750 2253416.750 2300824.500 2348637.750 2396856.000 2445479.500 2494508.250 2543942.250 2593781.250 2644025.500 2694675.000 2745729.750 2797189.750 2849054.750 2901324.750 2954000.250 3007081.250 3060567.000 3114458.250 3168754.250 3223455.750 3278562.500 3334074.250 3389991.500 3446313.500 3503041.000 3560173.750 3617711.500 3675654.500 3734002.750 3792756.000 3851914.750 3907398.250 3865235.500 3029930.750 
30826.689 62116.430 94003.453 126503.039 159615.844 193341.844 227681.047 262633.469 298199.031 334377.844 371169.844 408575.031 446593.438 485225.031 524469.875 564327.812 604799.062 645883.375 687581.062 729891.812 772815.812 816353.062 860503.375 905267.062 950643.812 996633.812 1043237.062 1090453.500 1138283.000 1186725.750 1235781.750 1285451.000 1335733.500 1386629.000 1438137.750 1490259.750 1542995.000 1596343.500 1650305.125 1704879.875 1760067.875 1815869.125 1872283.500 1929311.125 1986951.875 2045205.875 2104073.250 2163553.500 2223647.250 2284353.750 2345673.750 2407607.250 2470153.500 2533313.250 2597085.750 2661471.750 2726471.250 2792083.500 2858309.250 2925147.750 2992599.750 3060665.250 3129343.500 3198635.250 3268539.750 3339057.750 3410189.250 3481933.500 3554291.250 3627261.750 3700845.750 3775043.250 3849853.500 3925277.250 4001313.750 4077963.750 4155227.250 4233103.000 4311593.000 4390695.500 4470411.500 4550741.000 4631683.000 4713239.000 4795407.500 4878189.500 4961585.000 5045593.000 5130215.000 5215449.500 5301297.500 5387759.000 5474833.000 5562521.000 5650821.500 5739735.500 5829263.000 5913222.000 5849323.500 4584931.000 
41484.355 83591.812 126503.039 170238.656 214799.438 260185.438 306396.625 353433.031 401294.625 449981.438 499493.438 549830.625 600993.062 652980.625 705793.438 759431.438 813894.625 869183.062 925296.625 982235.438 1039999.438 1098588.750 1158003.000 1218242.750 1279307.375 1341197.375 1403912.750 1467453.000 1531818.750 1597009.375 1663025.375 1729866.750 1797533.000 1866024.750 1935341.375 2005483.375 2076450.750 2148243.250 2220861.000 2294303.500 2368571.500 2443665.000 2519583.250 2596327.000 2673895.500 2752289.500 2831509.000 2911553.250 2992423.000 3074117.500 3156637.500 3239983.000 3324153.250 3409149.000 3494969.500 3581615.500 3669087.000 3757383.250 3846505.000 3936451.500 4027223.500 4118821.000 4211243.000 4304491.000 4398563.500 4493461.500 4589185.000 4685733.000 4783107.000 4881305.500 4980329.500 5080179.000 5180853.000 5282353.000 5384677.500 5487827.500 5591803.000 5696603.000 5802229.000 5908679.500 6015955.500 6124057.000 6232983.000 6342735.000 6453311.500 6564713.500 6676941.000 6789993.000 6903871.000 7018573.500 7134101.500 7250455.000 7367633.000 7485637.000 7604465.500 7724119.500 7844599.000 7957580.500 7871528.500 6169795.000 
52343.105 105472.398 159615.844 214799.438 271024.250 328290.250 386597.406 445945.844 506335.438 567766.250 630238.250 693751.438 758305.812 823901.438 890538.250 958216.250 1026935.375 1096695.750 1167497.375 1239340.250 1312224.250 1386149.375 1461115.750 1537123.375 1614172.250 1692262.250 1771393.500 1851565.875 1932779.500 2015034.250 2098330.000 2182667.500 2268045.750 2354465.500 2441926.000 2530428.000 2619971.500 2710555.750 2802181.500 2894848.000 2988556.000 3083305.500 3179095.750 3275927.500 3373800.000 3472714.000 3572669.500 3673665.750 3775703.500 3878782.000 3982902.000 4088063.500 4194265.750 4301509.500 4409794.000 4519120.000 4629487.500 4740896.000 4853345.500 4966836.000 5081368.000 5196941.500 5313555.500 5431211.500 5549908.000 5669646.000 5790425.500 5912245.500 6035107.500 6159010.000 6283954.000 6409939.500 6536965.500 6665033.500 6794142.000 6924292.000 7055483.500 7187715.500 7320989.500 7455304.000 7590660.000 7727057.500 7864495.500 8002975.500 8142496.000 8283058.000 8424661.000 8567305.000 8710991.000 8855718.000 9001486.000 9148295.000 9296145.000 9445037.000 9594970.000 9745944.000 9897959.000 10040511.000 9931886.000 7784562.000 
63402.945 127758.180 193341.844 260185.438 328290.250 397656.250 468283.438 540171.812 613321.438 687732.250 763404.250 840337.438 918531.812 997987.438 1078704.250 1160682.250 1243921.375 1328421.750 1414183.375 1501206.250 1589490.250 1679035.375 1769841.750 1861909.500 1955238.250 2049828.250 2145679.500 2242791.750 2341165.500 2440800.000 2541696.000 2643853.500 2747271.750 2851951.500 2957892.000 3065094.000 3173557.500 3283281.750 3394267.500 3506514.000 3620022.000 3734791.500 3850821.750 3968113.500 4086666.000 4206480.000 4327555.500 4449892.000 4573489.500 4698348.000 4824468.000 4951849.500 5080492.000 5210395.500 5341560.000 5473986.000 5607673.500 5742621.500 5878831.500 6016302.000 6155034.000 6295027.500 6436281.500 6578797.500 6722574.000 6867612.000 7013911.500 7161471.500 7310293.500 7460376.000 7611720.000 7764325.500 7918191.000 8073319.500 8229708.000 8387358.000 8546268.000 8706441.000 8867874.000 9030570.000 9194526.000 9359742.000 9526221.000 9693960.000 9862962.000 10033224.000 10204746.000 10377531.000 10551576.000 10726884.000 10903452.000 11081280.000 11260371.000 11440722.000 11622336.000 11805210.000 11989344.000 12162015.000 12030400.000 9429231.000 
74663.875 150449.172 227681.047 306396.625 386597.406 468283.438 551454.625 636111.062 722252.625 809879.438 898991.438 989588.625 1081671.000 1175238.750 1270291.375 1366829.375 1464852.750 1564361.000 1665354.750 1767833.375 1871797.375 1977246.750 2084181.125 2192601.000 2302505.500 2413895.500 2526771.000 2641131.250 2756977.000 2874307.500 2993123.500 3113425.000 3235211.250 3358483.000 3483239.500 3609481.500 3737209.000 3866421.250 3997119.000 4129301.500 4262969.500 4398123.000 4534761.000 4672885.000 4812493.500 4953587.500 5096167.000 5240231.000 5385781.000 5532815.500 5681335.500 5831341.000 5982831.000 6135807.000 6290267.500 6446213.500 6603645.000 6762560.500 6922963.000 7084849.500 7248221.500 7413079.000 7579420.500 7747249.000 7916561.500 8087359.500 8259643.000 8433411.000 8608665.000 8785402.000 8963626.000 9143336.000 9324530.000 9507210.000 9691374.000 9877024.000 10064160.000 10252779.000 10442886.000 10634476.000 10827552.000 11022114.000 11218159.000 11415692.000 11614708.000 11815210.000 12017198.000 12220669.000 12425628.000 12632070.000 12839998.000 13049412.000 13260309.000 13472694.000 13686562.000 13901916.000 14118756.000 14322091.000 14167069.000 11103804.000 
86125.891 173545.328 262633.469 353433.031 445945.844 540171.812 636111.062 733763.375 833129.062 934207.812 1036999.812 1141505.000 1247723.500 1355655.000 1465299.750 1576657.750 1689729.000 1804513.500 1921011.125 2039221.875 2159145.750 2280783.250 2404133.500 2529197.250 2655973.750 2784463.750 2914667.250 3046583.500 3180213.250 3315555.750 3452611.750 3591381.250 3731863.500 3874059.250 4017967.750 4163589.750 4310925.000 4459973.000 4610735.000 4763209.500 4917397.500 5073299.000 5230913.000 5390241.000 5551281.500 5714035.500 5878503.000 6044683.000 6212577.000 6382183.500 6553503.500 6726537.000 6901283.000 7077743.000 7255915.500 7435801.500 7617400.500 7800713.000 7985738.500 8172477.500 8360929.500 8551094.000 8742972.000 8936564.000 9131869.000 9328887.000 9527618.000 9728062.000 9930219.000 10134091.000 10339675.000 10546971.000 10755982.000 10966705.000 11179143.000 11393293.000 11609155.000 11826732.000 12046021.000 12267025.000 12489741.000 12714169.000 12940312.000 13168167.000 13397737.000 13629019.000 13862013.000 14096722.000 14333143.000 14571279.000 14811127.000 15052687.000 15295962.000 15540949.000 15787651.000 16036065.000 16286191.000 16520741.000 16341892.000 12808280.000 
97789.000 197046.703 298199.031 401294.625 506335.438 613321.438 722252.625 833129.062 945950.625 1060717.375 1177429.375 1296086.750 1416689.000 1539236.750 1663729.375 1790167.375 1918550.750 2048879.125 2181153.000 2315371.500 2451535.500 2589645.000 2729699.250 2871699.000 3015643.500 3161533.500 3309369.000 3459149.250 3610875.000 3764545.500 3920161.500 4077723.000 4237229.000 4398681.000 4562077.500 4727419.500 4894707.000 5063939.000 5235117.000 5408239.500 5583307.500 5760321.000 5939279.000 6120183.000 6303031.500 6487825.500 6674565.000 6863249.000 7053879.000 7246453.500 7440973.500 7637439.000 7835849.000 8036205.000 8238505.500 8442751.000 8648942.000 8857078.000 9067160.000 9279186.000 9493158.000 9709076.000 9926937.000 10146746.000 10368498.000 10592196.000 10817840.000 11045427.000 11274962.000 11506440.000 11739864.000 11975234.000 12212547.000 12451808.000 12693012.000 12936162.000 13181258.000 13428297.000 13677284.000 13928214.000 14181090.000 14435912.000 14692677.000 14951390.000 15212046.000 15474648.000 15739196.000 16005688.000 16274126.000 16544508.000 16816836.000 17091108.000 17367330.000 17645490.000 17925600.000 18207654.000 18491652.000 18757966.000 18554870.000 14542659.000 
109653.188 220953.266 334377.844 449981.438 567766.250 687732.250 809879.438 934207.812 1060717.375 1189408.250 1320280.250 1453333.375 1588567.750 1725983.375 1865580.250 2007358.250 2151317.500 2297457.750 2445779.500 2596282.000 2748966.000 2903831.500 3060877.750 3220105.500 3381514.000 3545104.000 3710875.500 3878827.750 4048961.500 4221276.000 4395772.000 4572449.500 4751307.500 4932347.500 5115568.000 5300970.000 5488553.500 5678317.500 5870263.500 6064390.000 6260698.000 6459187.500 6659857.500 6862709.500 7067742.000 7274956.000 7484351.500 7695927.500 7909685.500 8125624.000 8343744.000 8564045.000 8786527.000 9011191.000 9238036.000 9467062.000 9698268.000 9931657.000 10167226.000 10404978.000 10644910.000 10887022.000 11131317.000 11377792.000 11626450.000 11877288.000 12130306.000 12385507.000 12642888.000 12902452.000 13164196.000 13428120.000 13694227.000 13962514.000 14232984.000 14505634.000 14780464.000 15057477.000 15336670.000 15618046.000 15901602.000 16187338.000 16475257.000 16765356.000 17057638.000 17352100.000 17648742.000 17947570.000 18248572.000 18551760.000 18857128.000 19164676.000 19474410.000 19786318.000 20100412.000 20416686.000 20735140.000 21033762.000 20806004.000 16306940.000 
121718.469 245265.016 371169.844 499493.438 630238.250 763404.250 898991.438 1036999.812 1177429.375 1320280.250 1465552.250 1613245.375 1763359.750 1915895.500 2070852.250 2228230.000 2388029.500 2550249.750 2714891.500 2881954.000 3051438.000 3223343.500 3397669.750 3574417.500 3753586.000 3935176.000 4119187.500 4305620.000 4494473.500 4685748.000 4879444.000 5075561.500 5274099.500 5475059.500 5678440.000 5884242.000 6092465.500 6303109.500 6516175.500 6731662.000 6949570.000 7169899.500 7392649.500 7617821.500 7845414.000 8075428.000 8307863.500 8542719.000 8779996.000 9019696.000 9261816.000 9506356.000 9753319.000 10002702.000 10254508.000 10508734.000 10765380.000 11024449.000 11285938.000 11549850.000 11816182.000 12084934.000 12356109.000 12629704.000 12905722.000 13184160.000 13465018.000 13748299.000 14034000.000 14322124.000 14612668.000 14905632.000 15201019.000 15498826.000 15799056.000 16101706.000 16406776.000 16714269.000 17024182.000 17336518.000 17651274.000 17968450.000 18288050.000 18610068.000 18934510.000 19261372.000 19590654.000 19922362.000 20256484.000 20593032.000 20932000.000 21273388.000 21617202.000 21963430.000 22312084.000 22663158.000 23016652.000 23348130.000 23095292.000 18101126.000 
133984.828 269981.969 408575.031 549830.625 693751.438 840337.438 989588.625 1141505.000 1296086.750 1453333.375 1613245.375 1775822.750 1941065.125 2108973.000 2279545.500 2452783.500 2628687.000 2807255.250 2988489.000 3172387.500 3358951.500 3548181.000 3740075.250 3934635.000 4131859.500 4331749.500 4534305.000 4739525.000 4947411.000 5157961.500 5371177.500 5587059.000 5805605.000 6026817.000 6250693.500 6477235.500 6706443.000 6938315.000 7172853.000 7410055.500 7649923.500 7892457.000 8137654.500 8385519.000 8636047.000 8889240.000 9145100.000 9403623.000 9664814.000 9928668.000 10195188.000 10464374.000 10736223.000 11010740.000 11287920.000 11567766.000 11850278.000 12135453.000 12423296.000 12713802.000 13006974.000 13302812.000 13601313.000 13902482.000 14206314.000 14512812.000 14821976.000 15133803.000 15448298.000 15765456.000 16085280.000 16407770.000 16732924.000 17060742.000 17391228.000 17724378.000 18060192.000 18398676.000 18739818.000 19083630.000 19430106.000 19779246.000 20131056.000 20485524.000 20842662.000 21202464.000 21564930.000 21930066.000 22297860.000 22668324.000 23041452.000 23417244.000 23795706.000 24176826.000 24560616.000 24947070.000 25336188.000 25701070.000 25422732.000 19925216.000 
146452.312 295104.125 446593.438 600993.062 758305.812 918531.812 1081671.000 1247723.500 1416689.000 1588567.750 1763359.750 1941065.125 2121683.500 2305215.250 2491659.750 2681017.750 2873289.250 3068473.500 3266571.250 3467581.750 3671505.750 3878343.250 4088093.500 4300757.000 4516333.500 4734823.500 4956227.000 5180543.000 5407773.000 5637915.500 5870971.500 6106941.000 6345823.000 6587619.000 6832327.500 7079949.500 7330485.000 7583933.000 7840295.000 8099569.500 8361757.500 8626858.000 8894872.000 9165800.000 9439641.000 9716395.000 9996061.000 10278642.000 10564135.000 10852543.000 11143863.000 11438095.000 11735242.000 12035301.000 12338275.000 12644161.000 12952959.000 13264672.000 13579297.000 13896837.000 14217289.000 14540653.000 14866932.000 15196123.000 15528229.000 15863247.000 16201177.000 16542022.000 16885782.000 17232454.000 17582038.000 17934534.000 18289944.000 18648268.000 19009506.000 19373656.000 19740718.000 20110696.000 20483584.000 20859388.000 21238104.000 21619732.000 22004276.000 22391730.000 22782100.000 23175382.000 23571576.000 23970684.000 24372706.000 24777642.000 25185490.000 25596250.000 26009924.000 26426512.000 26846014.000 27268428.000 27693754.000 28092584.000 27788332.000 21779206.000 
159120.828 320631.469 485225.031 652980.625 823901.438 997987.438 1175238.750 1355655.000 1539236.750 1725983.375 1915895.500 2108973.000 2305215.250 2504623.000 2707195.500 2912933.500 3121837.000 3333905.250 3549139.000 3767537.500 3989101.500 4213831.000 4441725.000 4672785.000 4907009.500 5144399.500 5384955.000 5628675.000 5875561.000 6125611.500 6378827.500 6635209.000 6894755.000 7157467.000 7423343.500 7692385.500 7964593.000 8239965.000 8518502.000 8800205.000 9085072.000 9373106.000 9664303.000 9958668.000 10256196.000 10556890.000 10860750.000 11167773.000 11477964.000 11791318.000 12107838.000 12427524.000 12750373.000 13076390.000 13405570.000 13737916.000 14073428.000 14412103.000 14753946.000 15098952.000 15447124.000 15798462.000 16152964.000 16510632.000 16871464.000 17235462.000 17602624.000 17972956.000 18346446.000 18723106.000 19102930.000 19485918.000 19872076.000 20261392.000 20653878.000 21049528.000 21448342.000 21850326.000 22255468.000 22663780.000 23075256.000 23489896.000 23907706.000 24328674.000 24752812.000 25180114.000 25610580.000 26044216.000 26481010.000 26920974.000 27364102.000 27810394.000 28259856.000 28712476.000 29168266.000 29627220.000 30089338.000 30522670.000 30192082.000 23663102.000 
171990.484 346564.000 524469.812 705793.438 890538.250 1078704.250 1270291.375 1465299.750 1663729.375 1865580.250 2070852.250 2279545.500 2491659.750 2707195.500 2926152.000 3148530.000 3374329.500 3603549.750 3836191.500 4072254.000 4311738.000 4554643.500 4800969.500 5050717.500 5303886.000 5560476.000 5820487.500 6083919.500 6350773.500 6621048.000 6894744.000 7171861.500 7452399.500 7736359.500 8023740.000 8314542.000 8608765.000 8906409.000 9207475.000 9511962.000 9819870.000 10131198.000 10445949.000 10764120.000 11085714.000 11410728.000 11739162.000 12071019.000 12406296.000 12744996.000 13087116.000 13432656.000 13781619.000 14134002.000 14489808.000 14849034.000 15211680.000 15577749.000 15947238.000 16320150.000 16696482.000 17076234.000 17459410.000 17846004.000 18236022.000 18629460.000 19026318.000 19426602.000 19830300.000 20237424.000 20647968.000 21061932.000 21479322.000 21900126.000 22324356.000 22752006.000 23183076.000 23617572.000 24055482.000 24496818.000 24941574.000 25389750.000 25841352.000 26296368.000 26754810.000 27216672.000 27681954.000 28150662.000 28622784.000 29098332.000 29577300.000 30059688.000 30545502.000 31034730.000 31527384.000 32023458.000 32522952.000 32991328.000 32633990.000 25576898.000 
185061.188 372901.750 564327.812 759431.438 958216.250 1160682.250 1366829.375 1576657.750 1790167.375 2007358.250 2228230.000 2452783.500 2681017.750 2912933.500 3148530.000 3387808.000 3630767.500 3877407.750 4127729.500 4381732.000 4639416.000 4900781.500 5165827.500 5434555.500 5706964.000 5983054.000 6262825.500 6546277.500 6833411.500 7124226.000 7418722.000 7716899.500 8018757.500 8324297.500 8633518.000 8946420.000 9263002.000 9583267.000 9907212.000 10234840.000 10566148.000 10901136.000 11239807.000 11582158.000 11928192.000 12277906.000 12631300.000 12988377.000 13349134.000 13713574.000 14081694.000 14453494.000 14828977.000 15208140.000 15590986.000 15977512.000 16367718.000 16761607.000 17159176.000 17560428.000 17965360.000 18373972.000 18786270.000 19202242.000 19621900.000 20045238.000 20472256.000 20902960.000 21337338.000 21775402.000 22217146.000 22662570.000 23111680.000 23564464.000 24020934.000 24481084.000 24944914.000 25412430.000 25883620.000 26358496.000 26837052.000 27319288.000 27805210.000 28294806.000 28788088.000 29285050.000 29785692.000 30290020.000 30798022.000 31309710.000 31825078.000 32344126.000 32866860.000 33393268.000 33923364.000 34457136.000 34994592.000 35498556.000 35114052.000 27520600.000 
198333.000 399644.688 604799.062 813894.625 1026935.375 1243921.375 1464852.750 1689729.000 1918550.750 2151317.500 2388029.500 2628687.000 2873289.250 3121837.000 3374329.500 3630767.500 3891151.000 4155479.250 4423753.000 4695971.500 4972135.500 5252245.000 5536299.000 5824299.000 6116243.500 6412133.500 6711969.000 7015749.000 7323475.000 7635145.500 7950761.500 8270323.000 8593829.000 8921281.000 9252676.000 9588018.000 9927306.000 10270537.000 10617716.000 10968838.000 11323906.000 11682920.000 12045877.000 12412782.000 12783630.000 13158424.000 13537164.000 13919847.000 14306478.000 14697052.000 15091572.000 15490038.000 15892447.000 16298804.000 16709104.000 17123350.000 17541540.000 17963678.000 18389758.000 18819786.000 19253758.000 19691674.000 20133540.000 20579344.000 21029098.000 21482796.000 21940438.000 22402030.000 22867560.000 23337040.000 23810464.000 24287832.000 24769150.000 25254406.000 25743612.000 26236762.000 26733856.000 27234900.000 27739882.000 28248814.000 28761690.000 29278510.000 29799280.000 30323988.000 30852646.000 31385248.000 31921794.000 32462290.000 33006724.000 33555112.000 34107436.000 34663712.000 35223932.000 35788096.000 36356204.000 36928256.000 37504256.000 38044364.000 37632272.000 29494204.000 
211805.906 426792.812 645883.375 869183.062 1096695.750 1328421.750 1564361.000 1804513.500 2048879.125 2297457.750 2550249.750 2807255.250 3068473.500 3333905.250 3603549.750 3877407.750 4155479.250 4437763.000 4724261.000 5014971.500 5309895.500 5609033.000 5912383.000 6219947.000 6531723.500 6847713.500 7167917.000 7492333.000 7820963.000 8153805.500 8490861.000 8832130.000 9177612.000 9527307.000 9881217.000 10239339.000 10601673.000 10968222.000 11338983.000 11713959.000 12093147.000 12476547.000 12864162.000 13255989.000 13652031.000 14052285.000 14456751.000 14865432.000 15278325.000 15695433.000 16116753.000 16542285.000 16972034.000 17405994.000 17844168.000 18286554.000 18733152.000 19183964.000 19638990.000 20098230.000 20561682.000 21029346.000 21501224.000 21977316.000 22457622.000 22942140.000 23430870.000 23923816.000 24420972.000 24922344.000 25427928.000 25937724.000 26451736.000 26969958.000 27492396.000 28019046.000 28549908.000 29084984.000 29624274.000 30167778.000 30715494.000 31267422.000 31823564.000 32383920.000 32948488.000 33517270.000 34090260.000 34667472.000 35248896.000 35834528.000 36424380.000 37018440.000 37616712.000 38219196.000 38825900.000 39436812.000 40051944.000 40628736.000 40188636.000 31497708.000 
225479.875 454346.156 687581.062 925296.625 1167497.375 1414183.375 1665354.750 1921011.125 2181153.000 2445779.500 2714891.500 2988489.000 3266571.250 3549139.000 3836191.500 4127729.500 4423753.000 4724261.000 5029255.000 5338733.500 5652697.500 5971147.000 6294081.000 6621501.000 6953405.500 7289795.500 7630671.000 7976031.000 8325877.000 8680207.000 9039022.000 9402324.000 9770109.000 10142382.000 10519138.000 10900380.000 11286108.000 11676319.000 12071018.000 12470200.000 12873868.000 13282022.000 13694659.000 14111784.000 14533392.000 14959486.000 15390066.000 15825130.000 16264680.000 16708714.000 17157234.000 17610238.000 18067732.000 18529704.000 18996166.000 19467112.000 19942542.000 20422462.000 20906860.000 21395748.000 21889120.000 22386976.000 22889322.000 23396146.000 23907460.000 24423258.000 24943540.000 25468312.000 25997562.000 26531302.000 27069526.000 27612234.000 28159432.000 28711108.000 29267274.000 29827924.000 30393058.000 30962682.000 31536784.000 32115376.000 32698452.000 33286012.000 33878056.000 34474596.000 35075608.000 35681112.000 36291096.000 36905572.000 37524532.000 38147972.000 38775900.000 39408316.000 40045212.000 40686592.000 41332464.000 41982816.000 42637660.000 43251688.000 42783164.000 33531120.000 
239354.953 482304.656 729891.812 982235.438 1239340.250 1501206.250 1767833.375 2039221.875 2315371.500 2596282.000 2881954.000 3172387.500 3467581.750 3767537.500 4072254.000 4381732.000 4695971.500 5014971.500 5338733.500 5667256.000 6000540.000 6338585.500 6681391.500 7028959.500 7381288.000 7738378.000 8100229.500 8466841.000 8838215.000 9214350.000 9595246.000 9980902.000 10371321.000 10766500.000 11166442.000 11571144.000 11980606.000 12394831.000 12813816.000 13237564.000 13666072.000 14099340.000 14537371.000 14980162.000 15427716.000 15880030.000 16337104.000 16798944.000 17265538.000 17736898.000 18213018.000 18693898.000 19179544.000 19669944.000 20165110.000 20665036.000 21169722.000 21679174.000 22193380.000 22712352.000 23236084.000 23764576.000 24297834.000 24835846.000 25378624.000 25926162.000 26478460.000 27035524.000 27597342.000 28163926.000 28735270.000 29311374.000 29892244.000 30477868.000 31068258.000 31663408.000 32263318.000 32867992.000 33477424.000 34091620.000 34710576.000 35334292.000 35962768.000 36596016.000 37234012.000 37876772.000 38524296.000 39176584.000 39833632.000 40495436.000 41162004.000 41833336.000 42509424.000 43190272.000 43875884.000 44566260.000 45261400.000 45913212.000 45415848.000 35594432.000 
253431.109 510668.375 772815.812 1039999.438 1312224.250 1589490.250 1871797.375 2159145.750 2451535.500 2748966.000 3051438.000 3358951.500 3671505.750 3989101.500 4311738.000 4639416.000 4972135.500 5309895.500 5652697.500 6000540.000 6353424.000 6711349.500 7074315.500 7442323.500 7815372.000 8193462.000 8576592.000 8964765.000 9357978.000 9756234.000 10159530.000 10567866.000 10981245.000 11399664.000 11823126.000 12251628.000 12685170.000 13123755.000 13567380.000 14016048.000 14469756.000 14928504.000 15392295.000 15861126.000 16335000.000 16813914.000 17297868.000 17786868.000 18280902.000 18779982.000 19284102.000 19793262.000 20307468.000 20826708.000 21350994.000 21880320.000 22414686.000 22954098.000 23498544.000 24048036.000 24602568.000 25162140.000 25726758.000 26296410.000 26871108.000 27450846.000 28035624.000 28625448.000 29220306.000 29820210.000 30425154.000 31035138.000 31650168.000 32270232.000 32895342.000 33525492.000 34160688.000 34800912.000 35446188.000 36096504.000 36751860.000 37412256.000 38077692.000 38748180.000 39423696.000 40104256.000 40789860.000 41480508.000 42176196.000 42876920.000 43582688.000 44293500.000 45009348.000 45730236.000 46456168.000 47187144.000 47923164.000 48613308.000 48086680.000 37687648.000 
267708.312 539437.312 816353.062 1098588.750 1386149.375 1679035.375 1977246.750 2280783.250 2589645.000 2903831.500 3223343.500 3548181.000 3878343.250 4213831.000 4554643.500 4900781.500 5252245.000 5609033.000 5971147.000 6338585.500 6711349.500 7089439.000 7472853.000 7861593.000 8255657.500 8655046.000 9059762.000 9469801.000 9885168.000 10305858.000 10731874.000 11163216.000 11599881.000 12041874.000 12489190.000 12941832.000 13399800.000 13863091.000 14331710.000 14805652.000 15284920.000 15769514.000 16259431.000 16754676.000 17255244.000 17761138.000 18272356.000 18788904.000 19310770.000 19837966.000 20370486.000 20908330.000 21451504.000 21999996.000 22553818.000 23112964.000 23677434.000 24247234.000 24822352.000 25402800.000 25988572.000 26579668.000 27176094.000 27777838.000 28384912.000 28997310.000 29615032.000 30238084.000 30866454.000 31500154.000 32139178.000 32783526.000 33433204.000 34088200.000 34748524.000 35414176.000 36085156.000 36761448.000 37443076.000 38130028.000 38822304.000 39519904.000 40222828.000 40931088.000 41644660.000 42363564.000 43087788.000 43817344.000 44552224.000 45292420.000 46037948.000 46788808.000 47544984.000 48306484.000 49073316.000 49845468.000 50622952.000 51351976.000 50795672.000 39810768.000 
282186.688 568611.438 860503.375 1158003.000 1461115.750 1769841.750 2084181.125 2404133.500 2729699.250 3060877.750 3397669.750 3740075.250 4088093.500 4441725.000 4800969.500 5165827.500 5536299.000 5912383.000 6294081.000 6681391.500 7074315.500 7472853.000 7877003.000 8286767.000 8702143.000 9123133.000 9549735.000 9981952.000 10419781.000 10863225.000 11312281.000 11766949.000 12227232.000 12693127.000 13164637.000 13641759.000 14124493.000 14612842.000 15106803.000 15606379.000 16111567.000 16622367.000 17138784.000 17660812.000 18188454.000 18721708.000 19260574.000 19805056.000 20355148.000 20910856.000 21472176.000 22039108.000 22611656.000 23189814.000 23773588.000 24362974.000 24957972.000 25558584.000 26164810.000 26776650.000 27394102.000 28017166.000 28645844.000 29280136.000 29920042.000 30565560.000 31216690.000 31873436.000 32535792.000 33203762.000 33877344.000 34556544.000 35241352.000 35931772.000 36627812.000 37329460.000 38036728.000 38749604.000 39468088.000 40192192.000 40921908.000 41657236.000 42398180.000 43144740.000 43896904.000 44654688.000 45418080.000 46187092.000 46961716.000 47741948.000 48527796.000 49319260.000 50116332.000 50919016.000 51727320.000 52541232.000 53360764.000 54129216.000 53542816.000 41963788.000 
296866.094 598190.688 905267.062 1218242.750 1537123.375 1861909.500 2192601.000 2529197.250 2871699.000 3220105.500 3574417.500 3934635.000 4300757.000 4672785.000 5050717.500 5434555.500 5824299.000 6219947.000 6621501.000 7028959.500 7442323.500 7861593.000 8286767.000 8717846.000 9154831.000 9597720.000 10046516.000 10501215.000 10961822.000 11428332.000 11900748.000 12379070.000 12863295.000 13353428.000 13849464.000 14351406.000 14859254.000 15373005.000 15892664.000 16418226.000 16949694.000 17487066.000 18030348.000 18579528.000 19134618.000 19695612.000 20262510.000 20835318.000 21414024.000 21998640.000 22589160.000 23185584.000 23787918.000 24396150.000 25010292.000 25630338.000 26256288.000 26888148.000 27525906.000 28169574.000 28819146.000 29474622.000 30136008.000 30803292.000 31476486.000 32155584.000 32840586.000 33531498.000 34228312.000 34931032.000 35639656.000 36354188.000 37074624.000 37800960.000 38533200.000 39271356.000 40015408.000 40765368.000 41521236.000 42283008.000 43050684.000 43824264.000 44603748.000 45389144.000 46180440.000 46977640.000 47780748.000 48589764.000 49404680.000 50225496.000 51052224.000 51884864.000 52723404.000 53567844.000 54418192.000 55274448.000 56136608.000 56945036.000 56328120.000 44146716.000 
311746.594 628175.250 950643.812 1279307.375 1614172.250 1955238.250 2302505.500 2655973.750 3015643.500 3381514.000 3753586.000 4131859.500 4516333.500 4907009.500 5303886.000 5706964.000 6116243.500 6531723.500 6953405.500 7381288.000 7815372.000 8255657.500 8702143.000 9154831.000 9613720.000 10078810.000 10550100.000 11027593.000 11511286.000 12001182.000 12497278.000 12999574.000 13508073.000 14022772.000 14543674.000 15070776.000 15604078.000 16143583.000 16689288.000 17241196.000 17799304.000 18363612.000 18934126.000 19510834.000 20093748.000 20682862.000 21278176.000 21879696.000 22487410.000 23101330.000 23721450.000 24347770.000 24980296.000 25619016.000 26263942.000 26915068.000 27572394.000 28235926.000 28905652.000 29581584.000 30263716.000 30952048.000 31646584.000 32347318.000 33054256.000 33767396.000 34486732.000 35212276.000 35944020.000 36681960.000 37426104.000 38176452.000 38932996.000 39695740.000 40464692.000 41239840.000 42021196.000 42808740.000 43602496.000 44402452.000 45208608.000 46020964.000 46839524.000 47664288.000 48495244.000 49332408.000 50175768.000 51025336.000 51881104.000 52743068.000 53611236.000 54485608.000 55366176.000 56252944.000 57145920.000 58045092.000 58950472.000 59799424.000 59151572.000 46359544.000 
326828.188 658564.938 996633.812 1341197.375 1692262.250 2049828.250 2413895.500 2784463.750 3161533.500 3545104.000 3935176.000 4331749.500 4734823.500 5144399.500 5560476.000 5983054.000 6412133.500 6847713.500 7289795.500 7738378.000 8193462.000 8655046.000 9123133.000 9597720.000 10078810.000 10566400.000 11060490.000 11561083.000 12068176.000 12581772.000 13101868.000 13628464.000 14161563.000 14701162.000 15247264.000 15799866.000 16358968.000 16924574.000 17496678.000 18075286.000 18660394.000 19252002.000 19850116.000 20454724.000 21065838.000 21683452.000 22307566.000 22938186.000 23575300.000 24218920.000 24869040.000 25525660.000 26188786.000 26858406.000 27534532.000 28217158.000 28906284.000 29601916.000 30304042.000 31012674.000 31727806.000 32449438.000 33177574.000 33912212.000 34653348.000 35400988.000 36155124.000 36915764.000 37682908.000 38456548.000 39236692.000 40023340.000 40816484.000 41616132.000 42422284.000 43234932.000 44054080.000 44879732.000 45711884.000 46550544.000 47395700.000 48247356.000 49105516.000 49970176.000 50841336.000 51718996.000 52603160.000 53493828.000 54390992.000 55294660.000 56204828.000 57121496.000 58044668.000 58974336.000 59910508.000 60853184.000 61802360.000 62692384.000 62013188.000 48602276.000 
342110.906 689359.812 1043237.062 1403912.750 1771393.500 2145679.500 2526771.000 2914667.250 3309369.000 3710875.500 4119187.500 4534305.000 4956227.000 5384955.000 5820487.500 6262825.500 6711969.000 7167917.000 7630671.000 8100229.500 8576592.000 9059762.000 9549735.000 10046516.000 10550100.000 11060490.000 11577686.000 12101685.000 12632492.000 13170102.000 13714518.000 14265740.000 14823765.000 15388598.000 15960234.000 16538676.000 17123922.000 17715978.000 18314832.000 18920496.000 19532964.000 20152236.000 20778318.000 21411198.000 22050888.000 22697382.000 23350680.000 24010788.000 24677694.000 25351410.000 26031930.000 26719254.000 27413388.000 28114320.000 28822062.000 29536608.000 30257958.000 30986118.000 31721076.000 32462844.000 33211416.000 33966792.000 34728972.000 35497968.000 36273756.000 37056356.000 37845756.000 38641968.000 39444984.000 40254800.000 41071424.000 41894856.000 42725088.000 43562124.000 44405972.000 45256620.000 46114080.000 46978332.000 47849400.000 48727272.000 49611948.000 50503428.000 51401712.000 52306812.000 53218704.000 54137408.000 55062912.000 55995228.000 56934348.000 57880268.000 58832996.000 59792532.000 60758868.000 61732008.000 62711960.000 63698712.000 64692272.000 65623920.000 64912948.000 50874912.000 
357594.688 720559.938 1090453.500 1467453.000 1851565.875 2242791.750 2641131.250 3046583.500 3459149.250 3878827.750 4305620.000 4739525.000 5180543.000 5628675.000 6083919.500 6546277.500 7015749.000 7492333.000 7976031.000 8466841.000 8964765.000 9469801.000 9981952.000 10501215.000 11027593.000 11561083.000 12101685.000 12649402.000 13204231.000 13766175.000 14335231.000 14911399.000 15494682.000 16085077.000 16682587.000 17287212.000 17898946.000 18517796.000 19143756.000 19776832.000 20417020.000 21064320.000 21718736.000 22380262.000 23048904.000 23724658.000 24407524.000 25097504.000 25794598.000 26498806.000 27210126.000 27928558.000 28654104.000 29386764.000 30126538.000 30873424.000 31627422.000 32388536.000 33156760.000 33932100.000 34714552.000 35504116.000 36300792.000 37104592.000 37915492.000 38733508.000 39558640.000 40390888.000 41230248.000 42076712.000 42930296.000 43791000.000 44658808.000 45533728.000 46415764.000 47304916.000 48201184.000 49104552.000 50015044.000 50932648.000 51857364.000 52789192.000 53728132.000 54674192.000 55627360.000 56587640.000 57555036.000 58529548.000 59511168.000 60499900.000 61495748.000 62498712.000 63508788.000 64525972.000 65550276.000 66581688.000 67620208.000 68594032.000 67850872.000 53177452.000 
373279.531 752165.188 1138283.000 1531818.750 1932779.500 2341165.500 2756977.000 3180213.250 3610875.000 4048961.500 4494473.500 4947411.000 5407773.000 5875561.000 6350773.500 6833411.500 7323475.000 7820963.000 8325877.000 8838215.000 9357978.000 9885168.000 10419781.000 10961822.000 11511286.000 12068176.000 12632492.000 13204231.000 13783398.000 14369988.000 14964004.000 15565446.000 16174312.000 16790602.000 17414320.000 18045462.000 18684028.000 19330024.000 19983438.000 20644282.000 21312550.000 21988242.000 22671364.000 23361904.000 24059874.000 24765268.000 25478086.000 26198334.000 26926000.000 27661096.000 28403616.000 29153560.000 29910934.000 30675726.000 31447948.000 32227594.000 33014666.000 33809164.000 34611088.000 35420436.000 36237208.000 37061404.000 37893024.000 38732076.000 39578548.000 40432444.000 41293768.000 42162520.000 43038696.000 43922288.000 44813312.000 45711768.000 46617640.000 47530936.000 48451660.000 49379812.000 50315388.000 51258384.000 52208812.000 53166664.000 54131940.000 55104640.000 56084764.000 57072320.000 58067296.000 59069696.000 60079524.000 61096780.000 62121456.000 63153556.000 64193084.000 65240040.000 66294420.000 67356224.000 68425456.000 69502104.000 70586176.000 71602712.000 70826944.000 55509892.000 
389165.500 784175.688 1186725.750 1597009.375 2015034.250 2440800.000 2874307.500 3315555.750 3764545.500 4221276.000 4685748.000 5157961.500 5637915.500 6125611.500 6621048.000 7124226.000 7635145.500 8153805.500 8680207.000 9214350.000 9756234.000 10305858.000 10863225.000 11428332.000 12001182.000 12581772.000 13170102.000 13766175.000 14369988.000 14981544.000 15600840.000 16227876.000 16862658.000 17505174.000 18155436.000 18813438.000 19479180.000 20152668.000 20833890.000 21522858.000 22219566.000 22924014.000 23636208.000 24356136.000 25083810.000 25819224.000 26562378.000 27313278.000 28071912.000 28838292.000 29612412.000 30394272.000 31183878.000 31981218.000 32786304.000 33599132.000 34419700.000 35248004.000 36084056.000 36927844.000 37779376.000 38638652.000 39505664.000 40380424.000 41262920.000 42153156.000 43051136.000 43956856.000 44870320.000 45791524.000 46720468.000 47657152.000 48601576.000 49553744.000 50513652.000 51481304.000 52456696.000 53439824.000 54430700.000 55429312.000 56435668.000 57449768.000 58471604.000 59501188.000 60538508.000 61583568.000 62636372.000 63696916.000 64765204.000 65841228.000 66925000.000 68016504.000 69115752.000 70222760.000 71337488.000 72459960.000 73590168.000 74649968.000 73841176.000 57872232.000 
405252.531 816591.375 1235781.750 1663025.375 2098330.000 2541696.000 2993123.500 3452611.750 3920161.500 4395772.000 4879444.000 5371177.500 5870971.500 6378827.500 6894744.000 7418722.000 7950761.500 8490861.000 9039022.000 9595246.000 10159530.000 10731874.000 11312281.000 11900748.000 12497278.000 13101868.000 13714518.000 14335231.000 14964004.000 15600840.000 16245736.000 16898692.000 17559714.000 18228790.000 18905932.000 19591134.000 20284396.000 20985724.000 21695106.000 22412554.000 23138062.000 23871630.000 24613264.000 25362952.000 26120706.000 26886520.000 27660394.000 28442334.000 29232328.000 30030388.000 30836508.000 31650688.000 32472934.000 33303234.000 34141600.000 34988028.000 35842516.000 36705060.000 37575672.000 38454340.000 39341072.000 40235868.000 41138720.000 42049640.000 42968616.000 43895652.000 44830752.000 45773912.000 46725136.000 47684420.000 48651764.000 49627168.000 50610632.000 51602160.000 52601748.000 53609400.000 54625112.000 55648880.000 56680716.000 57720608.000 58768564.000 59824584.000 60888660.000 61960804.000 63041004.000 64129264.000 65225588.000 66329972.000 67442416.000 68562928.000 69691496.000 70828120.000 71972808.000 73125576.000 74286384.000 75455256.000 76632184.000 77735792.000 76893560.000 60264480.000 
421540.656 849412.250 1285451.000 1729866.750 2182667.500 2643853.500 3113425.000 3591381.250 4077723.000 4572449.500 5075561.500 5587059.000 6106941.000 6635209.000 7171861.500 7716899.500 8270323.000 8832130.000 9402324.000 9980902.000 10567866.000 11163216.000 11766949.000 12379070.000 12999574.000 13628464.000 14265740.000 14911399.000 15565446.000 16227876.000 16898692.000 17577892.000 18265482.000 18961450.000 19665808.000 20378550.000 21099676.000 21829192.000 22567086.000 23313370.000 24068038.000 24831090.000 25602532.000 26382352.000 27170562.000 27967156.000 28772134.000 29585502.000 30407248.000 31237384.000 32075904.000 32922810.000 33778104.000 34641780.000 35513840.000 36394288.000 37283120.000 38180332.000 39085936.000 39999924.000 40922296.000 41853052.000 42792192.000 43739724.000 44695636.000 45659932.000 46632616.000 47613688.000 48603144.000 49600976.000 50607200.000 51621816.000 52644808.000 53676184.000 54715948.000 55764100.000 56820636.000 57885552.000 58958860.000 60040552.000 61130628.000 62229088.000 63335932.000 64451168.000 65574784.000 66706784.000 67847176.000 68995936.000 70153096.000 71318640.000 72492568.000 73674880.000 74865576.000 76064672.000 77272144.000 78487992.000 79712224.000 80860184.000 79984096.000 62686632.000 
