405252.531 421540.656 438029.906 454720.188 471611.562 488704.062 505997.625 523492.281 541188.062 559084.812 577182.812 595481.812 613981.875 632683.062 
816591.375 849412.250 882638.312 916269.562 950306.062 984747.750 1019594.562 1054846.625 1090504.000 1126566.250 1163033.875 1199906.875 1237184.875 1274868.125 
1235781.750 1285451.000 1335733.500 1386629.000 1438137.750 1490259.750 1542995.000 1596343.500 1650305.125 1704879.875 1760067.875 1815869.125 1872283.500 1929311.125 
1663025.375 1729866.750 1797533.000 1866024.750 1935341.375 2005483.375 2076450.750 2148243.250 2220861.000 2294303.500 2368571.500 2443665.000 2519583.250 2596327.000 
2098330.000 2182667.500 2268045.750 2354465.500 2441926.000 2530428.000 2619971.500 2710555.750 2802181.500 2894848.000 2988556.000 3083305.500 3179095.750 3275927.500 
2541696.000 2643853.500 2747271.750 2851951.500 2957892.000 3065094.000 3173557.500 3283281.750 3394267.500 3506514.000 3620022.000 3734791.500 3850821.750 3968113.500 
2993123.500 3113425.000 3235211.250 3358483.000 3483239.500 3609481.500 3737209.000 3866421.250 3997119.000 4129301.500 4262969.500 4398123.000 4534761.000 4672885.000 
3452611.750 3591381.250 3731863.500 3874059.250 4017967.750 4163589.750 4310925.000 4459973.000 4610735.000 4763209.500 4917397.500 5073299.000 5230913.000 5390241.000 
3920161.500 4077723.000 4237229.000 4398681.000 4562077.500 4727419.500 4894707.000 5063939.000 5235117.000 5408239.500 5583307.500 5760321.000 5939279.000 6120183.000 
4395772.000 4572449.500 4751307.500 4932347.500 5115568.000 5300970.000 5488553.500 5678317.500 5870263.500 6064390.000 6260698.000 6459187.500 6659857.500 6862709.500 
4879444.000 5075561.500 5274099.500 5475059.500 5678440.000 5884242.000 6092465.500 6303109.500 6516175.500 6731662.000 6949570.000 7169899.500 7392649.500 7617821.500 
5371177.500 5587059.000 5805605.000 6026817.000 6250693.500 6477235.500 6706443.000 6938315.000 7172853.000 7410055.500 7649923.500 7892457.000 8137654.500 8385519.000 
5870971.500 6106941.000 6345823.000 6587619.000 6832327.500 7079949.500 7330485.000 7583933.000 7840295.000 8099569.500 8361757.500 8626858.000 8894872.000 9165800.000 
6378827.500 6635209.000 6894755.000 7157467.000 7423343.500 7692385.500 7964593.000 8239965.000 8518502.000 8800205.000 9085072.000 9373106.000 9664303.000 9958668.000 
6894744.000 7171861.500 7452399.500 7736359.500 8023740.000 8314542.000 8608765.000 8906409.000 9207475.000 9511962.000 9819870.000 10131198.000 10445949.000 10764120.000 
7418722.000 7716899.500 8018757.500 8324297.500 8633518.000 8946420.000 9263002.000 9583267.000 9907212.000 10234840.000 10566148.000 10901136.000 11239807.000 11582158.000 
7950761.500 8270323.000 8593829.000 8921281.000 9252676.000 9588018.000 9927306.000 10270537.000 10617716.000 10968838.000 11323906.000 11682920.000 12045877.000 12412782.000 
8490861.000 8832130.000 9177612.000 9527307.000 9881217.000 10239339.000 10601673.000 10968222.000 11338983.000 11713959.000 12093147.000 12476547.000 12864162.000 13255989.000 
9039022.000 9402324.000 9770109.000 10142382.000 10519138.000 10900380.000 11286108.000 11676319.000 12071018.000 12470200.000 12873868.000 13282022.000 13694659.000 14111784.000 
9595246.000 9980902.000 10371321.000 10766500.000 11166442.000 11571144.000 11980606.000 12394831.000 12813816.000 13237564.000 13666072.000 14099340.000 14537371.000 14980162.000 
10159530.000 10567866.000 10981245.000 11399664.000 11823126.000 12251628.000 12685170.000 13123755.000 13567380.000 14016048.000 14469756.000 14928504.000 15392295.000 15861126.000 
10731874.000 11163216.000 11599881.000 12041874.000 12489190.000 12941832.000 13399800.000 13863091.000 14331710.000 14805652.000 15284920.000 15769514.000 16259431.000 16754676.000 
11312281.000 11766949.000 12227232.000 12693127.000 13164637.000 13641759.000 14124493.000 14612842.000 15106803.000 15606379.000 16111567.000 16622367.000 17138784.000 17660812.000 
11900748.000 12379070.000 12863295.000 13353428.000 13849464.000 14351406.000 14859254.000 15373005.000 15892664.000 16418226.000 16949694.000 17487066.000 18030348.000 18579528.000 
12497278.000 12999574.000 13508073.000 14022772.000 14543674.000 15070776.000 15604078.000 16143583.000 16689288.000 17241196.000 17799304.000 18363612.000 18934126.000 19510834.000 
13101868.000 13628464.000 14161563.000 14701162.000 15247264.000 15799866.000 16358968.000 16924574.000 17496678.000 18075286.000 18660394.000 19252002.000 19850116.000 20454724.000 
13714518.000 14265740.000 14823765.000 15388598.000 15960234.000 16538676.000 17123922.000 17715978.000 18314832.000 18920496.000 19532964.000 20152236.000 20778318.000 21411198.000 
14335231.000 14911399.000 15494682.000 16085077.000 16682587.000 17287212.000 17898946.000 18517796.000 19143756.000 19776832.000 20417020.000 21064320.000 21718736.000 22380262.000 
14964004.000 15565446.000 16174312.000 16790602.000 17414320.000 18045462.000 18684028.000 19330024.000 19983438.000 20644282.000 21312550.000 21988242.000 22671364.000 23361904.000 
15600840.000 16227876.000 16862658.000 17505174.000 18155436.000 18813438.000 19479180.000 20152668.000 20833890.000 21522858.000 22219566.000 22924014.000 23636208.000 24356136.000 
16245736.000 16898692.000 17559714.000 18228790.000 18905932.000 19591134.000 20284396.000 20985724.000 21695106.000 22412554.000 23138062.000 23871630.000 24613264.000 25362952.000 
16898692.000 17577892.000 18265482.000 18961450.000 19665808.000 20378550.000 21099676.000 21829192.000 22567086.000 23313370.000 24068038.000 24831090.000 25602532.000 26382352.000 
17559714.000 18265482.000 18979964.000 19703160.000 20435070.000 21175692.000 21925026.000 22683076.000 23449836.000 24225312.000 25009500.000 25802400.000 26604016.000 27414342.000 
18228790.000 18961450.000 19703160.000 20453908.000 21213706.000 21982548.000 22760434.000 23547370.000 24343344.000 25148368.000 25962436.000 26785548.000 27617710.000 28458910.000 
18905932.000 19665808.000 20435070.000 21213706.000 22001728.000 22799130.000 23605912.000 24422080.000 25247622.000 26082550.000 26926858.000 27780546.000 28643620.000 29516068.000 
19591134.000 20378550.000 21175692.000 21982548.000 22799130.000 23625432.000 24461454.000 25307202.000 26162664.000 27027852.000 27902760.000 28787388.000 29681742.000 30585810.000 
20284396.000 21099676.000 21925026.000 22760434.000 23605912.000 24461454.000 25327060.000 26202736.000 27088470.000 27984274.000 28890142.000 29806074.000 30732076.000 31668136.000 
20985724.000 21829192.000 22683076.000 23547370.000 24422080.000 25307202.000 26202736.000 27108684.000 28025046.000 28951822.000 29889010.000 30836610.000 31794624.000 32763050.000 
21695106.000 22567086.000 23449836.000 24343344.000 25247622.000 26162664.000 27088470.000 28025046.000 28972380.000 29930484.000 30899352.000 31878984.000 32869384.000 33870552.000 
22412554.000 23313370.000 24225312.000 25148368.000 26082550.000 27027852.000 27984274.000 28951822.000 29930484.000 30920272.000 31921180.000 32933208.000 33956356.000 34990636.000 
23138062.000 24068038.000 25009500.000 25962436.000 26926858.000 27902760.000 28890142.000 29889010.000 30899352.000 31921180.000 32954488.000 33999276.000 35055544.000 36123304.000 
23871630.000 24831090.000 25802400.000 26785548.000 27780546.000 28787388.000 29806074.000 30836610.000 31878984.000 32933208.000 33999276.000 35077188.000 36166944.000 37268556.000 
24613264.000 25602532.000 26604016.000 27617710.000 28643620.000 29681742.000 30732076.000 31794624.000 32869384.000 33956356.000 35055544.000 36166944.000 37290556.000 38426392.000 
25362952.000 26382352.000 27414342.000 28458910.000 29516068.000 30585810.000 31668136.000 32763050.000 33870552.000 34990636.000 36123304.000 37268556.000 38426392.000 39596816.000 
26120706.000 27170562.000 28233384.000 29309160.000 30397902.000 31499604.000 32614266.000 33741888.000 34882476.000 36036024.000 37202532.000 38382000.000 39574428.000 40779824.000 
26886520.000 27967156.000 29061138.000 30168454.000 31289116.000 32423118.000 33570464.000 34731144.000 35905172.000 37092536.000 38293244.000 39507296.000 40734684.000 41975420.000 
27660394.000 28772134.000 29897604.000 31036792.000 32189710.000 33356352.000 34536724.000 35730808.000 36938628.000 38160172.000 39395440.000 40644432.000 41907148.000 43183600.000 
28442334.000 29585502.000 30742784.000 31914180.000 33099690.000 34299312.000 35513052.000 36740892.000 37982856.000 39238932.000 40509120.000 41793420.000 43091832.000 44404364.000 
29232328.000 30407248.000 31596678.000 32800610.000 34019048.000 35251992.000 36499440.000 37761388.000 39037848.000 40328812.000 41634280.000 42954252.000 44288728.000 45637712.000 
30030388.000 31237384.000 32459286.000 33696084.000 34947788.000 36214388.000 37495888.000 38792292.000 40103596.000 41429808.000 42770916.000 44126924.000 45497836.000 46883648.000 
30836508.000 32075904.000 33330606.000 34600604.000 35885908.000 37186508.000 38502408.000 39833612.000 41180116.000 42541928.000 43919036.000 45311444.000 46719156.000 48142168.000 
31650688.000 32922810.000 34210640.000 35514172.000 36833408.000 38168352.000 39519000.000 40885348.000 42267408.000 43665172.000 45078640.000 46507812.000 47952688.000 49413272.000 
32472934.000 33778104.000 35099388.000 36436780.000 37790292.000 39159912.000 40545652.000 41947492.000 43365456.000 44799532.000 46249720.000 47716020.000 49198432.000 50696964.000 
33303234.000 34641780.000 35996844.000 37368432.000 38756552.000 40161192.000 41582364.000 43020048.000 44474268.000 45945012.000 47432280.000 48936072.000 50456388.000 51993240.000 
34141600.000 35513840.000 36903016.000 38309136.000 39732196.000 41172200.000 42629144.000 44103024.000 45593852.000 47101616.000 48626324.000 50167976.000 51726564.000 53302100.000 
34988028.000 36394288.000 37817904.000 39258880.000 40717224.000 42192924.000 43685992.000 45196408.000 46724196.000 48269344.000 49831852.000 51411720.000 53008948.000 54623544.000 
35842516.000 37283120.000 38741504.000 40217676.000 41711632.000 43223376.000 44752904.000 46300212.000 47865312.000 49448196.000 51048864.000 52667316.000 54303552.000 55957576.000 
36705060.000 38180332.000 39673812.000 41185504.000 42715420.000 44263540.000 45829876.000 47414420.000 49017180.000 50638156.000 52277344.000 53934744.000 55610356.000 57304192.000 
37575672.000 39085936.000 40614840.000 42162388.000 43728588.000 45313428.000 46916920.000 48539044.000 50179824.000 51839248.000 53517316.000 55214028.000 56929384.000 58663396.000 
38454340.000 39999924.000 41564580.000 43148316.000 44751140.000 46373040.000 48014028.000 49674084.000 51353232.000 53051460.000 54768768.000 56505156.000 58260624.000 60035184.000 
39341072.000 40922296.000 42523032.000 44143288.000 45783072.000 47442372.000 49121200.000 50819536.000 52537404.000 54274792.000 56031700.000 57808128.000 59604076.000 61419556.000 
40235868.000 41853052.000 43490196.000 45147304.000 46824380.000 48521424.000 50238436.000 51975400.000 53732340.000 55509244.000 57306112.000 59122944.000 60959740.000 62816512.000 
41138720.000 42792192.000 44466072.000 46160364.000 47875076.000 49610196.000 51365736.000 53141684.000 54938040.000 56754816.000 58592004.000 60449604.000 62327620.000 64226052.000 
42049640.000 43739724.000 45450672.000 47182480.000 48935152.000 50708700.000 52503104.000 54318376.000 56154516.000 58011520.000 59889388.000 61788120.000 63707716.000 65648184.000 
42968616.000 44695636.000 46443972.000 48213628.000 50004612.000 51816912.000 53650540.000 55505476.000 57381744.000 59279332.000 61198240.000 63138468.000 65100016.000 67082892.000 
43895652.000 45659932.000 47445988.000 49253828.000 51083452.000 52934852.000 54808032.000 56702996.000 58619740.000 60558272.000 62518580.000 64500664.000 66504532.000 68530176.000 
44830752.000 46632616.000 48456720.000 50303068.000 52171668.000 54062508.000 55975600.000 57910924.000 59868504.000 61848328.000 63850396.000 65874708.000 67921272.000 69990064.000 
45773912.000 47613688.000 49476168.000 51361360.000 53269268.000 55199892.000 57153232.000 59129272.000 61128036.000 63149512.000 65193700.000 67260600.000 69350224.000 71462536.000 
46725136.000 48603144.000 50504328.000 52428696.000 54376252.000 56346996.000 58340924.000 60358032.000 62398332.000 64461816.000 66548484.000 68658336.000 70791384.000 72947592.000 
47684420.000 49600976.000 51541192.000 53505072.000 55492612.000 57503816.000 59538680.000 61597200.000 63679388.000 65785236.000 67914752.000 70067920.000 72244760.000 74445232.000 
48651764.000 50607200.000 52586776.000 54590496.000 56618356.000 58670360.000 60746504.000 62846784.000 64971212.000 67119784.000 69292496.000 71489344.000 73710344.000 75955456.000 
49627168.000 51621816.000 53641080.000 55684968.000 57753484.000 59846628.000 61964396.000 64106784.000 66273804.000 68465448.000 70681712.000 72922608.000 75188136.000 77478264.000 
50610632.000 52644808.000 54704088.000 56788480.000 58897988.000 61032612.000 63192352.000 65377192.000 67587160.000 69822232.000 72082416.000 74367720.000 76678144.000 79013656.000 
51602160.000 53676184.000 55775808.000 57901036.000 60051876.000 62228316.000 64430368.000 66658012.000 68911280.000 71190136.000 73494608.000 75824672.000 78180360.000 80561632.000 
52601748.000 54715948.000 56856244.000 59022644.000 61215148.000 63433748.000 65678448.000 67949248.000 70246160.000 72569160.000 74918272.000 77293472.000 79694792.000 82122192.000 
53609400.000 55764100.000 57945396.000 60153292.000 62387796.000 64648896.000 66936604.000 69250904.000 71591816.000 73959320.000 76353424.000 78774136.000 81221448.000 83695352.000 
54625112.000 56820636.000 59043264.000 61292992.000 63569824.000 65873772.000 68204824.000 70562968.000 72948232.000 75360592.000 77800056.000 80266632.000 82760320.000 85281088.000 
55648880.000 57885552.000 60149832.000 62441724.000 64761236.000 67108360.000 69483096.000 71885432.000 74315400.000 76772976.000 79258168.000 81770968.000 84311392.000 86879400.000 
56680716.000 58958860.000 61265124.000 63599512.000 65962028.000 68352672.000 70771448.000 73218336.000 75693352.000 78196496.000 80727768.000 83287168.000 85874680.000 88490320.000 
57720608.000 60040552.000 62389128.000 64766344.000 67172200.000 69606712.000 72069856.000 74561632.000 77082064.000 79631128.000 82208840.000 84815184.000 87450184.000 90113800.000 
58768564.000 61130628.000 63521844.000 65942220.000 68391760.000 70870464.000 73378328.000 75915352.000 78481544.000 81076888.000 83701392.000 86355064.000 89037896.000 91749880.000 
59824584.000 62229088.000 64663272.000 67127136.000 69620688.000 72143944.000 74696872.000 77279480.000 79891784.000 82533760.000 85205432.000 87906776.000 90637824.000 93398536.000 
60888660.000 63335932.000 65813412.000 68321112.000 70859016.000 73427144.000 76025488.000 78654032.000 81312784.000 84001768.000 86720952.000 89470352.000 92249968.000 95059792.000 
61960804.000 64451168.000 66972272.000 69524112.000 72106712.000 74720064.000 77364144.000 80038968.000 82744552.000 85480872.000 88247952.000 91045760.000 93874320.000 96733616.000 
63041004.000 65574784.000 68139840.000 70736176.000 73363792.000 76022704.000 78712888.000 81434344.000 84187096.000 86971120.000 89786432.000 92633016.000 95510896.000 98420032.000 
64129264.000 66706784.000 69316128.000 71957288.000 74630264.000 77335064.000 80071696.000 82840128.000 85640400.000 88472488.000 91336392.000 94232128.000 97159680.000 100119040.000 
65225588.000 67847176.000 70501120.000 73187432.000 75906104.000 78657144.000 81440560.000 84256320.000 87104464.000 89984968.000 92897832.000 95843072.000 98820672.000 101830632.000 
66329972.000 68995936.000 71694816.000 74426616.000 77191320.000 79988944.000 82819480.000 85682928.000 88579288.000 91508560.000 94470752.000 97465856.000 100493872.000 103554792.000 
67442416.000 70153096.000 72897240.000 75674848.000 78485920.000 81330464.000 84208480.000 87119944.000 90064888.000 93043288.000 96055152.000 99100488.000 102179296.000 105291544.000 
68562928.000 71318640.000 74108376.000 76932128.000 79789904.000 82681720.000 85607544.000 88567384.000 91561256.000 94589136.000 97651048.000 100746968.000 103876928.000 107040888.000 
69691496.000 72492568.000 75328224.000 78198456.000 81103272.000 84042688.000 87016672.000 90025232.000 93068384.000 96146104.000 99258416.000 102405296.000 105586776.000 108802816.000 
70828120.000 73674880.000 76556784.000 79473832.000 82426024.000 85413376.000 88435864.000 91493488.000 94586272.000 97714192.000 100877264.000 104075472.000 107308840.000 110577336.000 
71972808.000 74865576.000 77794056.000 80758248.000 83758160.000 86793792.000 89865120.000 92972160.000 96114928.000 99293400.000 102507600.000 105757496.000 109043112.000 112364432.000 
73125576.000 76064672.000 79040056.000 82051728.000 85099680.000 88183920.000 91304456.000 94461264.000 97654360.000 100883744.000 104149416.000 107451376.000 110789608.000 114164128.000 
74286384.000 77272144.000 80294760.000 83354240.000 86450576.000 89583784.000 92753848.000 95960760.000 99204552.000 102485200.000 105802712.000 109157080.000 112548304.000 115976392.000 
75455256.000 78487992.000 81558168.000 84665784.000 87810840.000 90993344.000 94213296.000 97470672.000 100765504.000 104097768.000 107467472.000 110874624.000 114319224.000 117801240.000 
76632184.000 79712224.000 82830288.000 85986376.000 89180488.000 92412640.000 95682808.000 98990992.000 102337224.000 105721456.000 109143728.000 112604016.000 116102344.000 119638688.000 
77735792.000 80860184.000 84023152.000 87224688.000 90464800.000 93743488.000 97060752.000 100416592.000 103811000.000 107243976.000 110715520.000 114225648.000 117774344.000 121361616.000 
76893560.000 79984096.000 83112784.000 86279632.000 89484632.000 92727792.000 96009112.000 99328576.000 102686200.000 106081976.000 109515904.000 112987992.000 116498232.000 120046624.000 
60264480.000 62686636.000 65138684.000 67620640.000 70132496.000 72674264.000 75245928.000 77847496.000 80478976.000 83140352.000 85831624.000 88552800.000 91303888.000 94084880.000 
