651585.312 670688.688 689993.125 709498.688 729205.312 749113.062 769221.812 789531.688 810042.688 830754.750 851667.875 872782.125 894097.500 915613.875 
1312956.375 1351450.000 1390349.000 1429653.000 1469362.250 1509476.500 1549996.000 1590921.000 1632251.000 1673986.250 1716126.375 1758672.000 1801623.000 1844978.875 
1986951.875 2045205.875 2104073.250 2163553.500 2223647.250 2284353.750 2345673.750 2407607.250 2470153.500 2533313.250 2597085.750 2661471.750 2726471.250 2792083.500 
2673895.500 2752289.500 2831509.000 2911553.250 2992423.000 3074117.500 3156637.500 3239983.000 3324153.250 3409149.000 3494969.500 3581615.500 3669087.000 3757383.250 
3373800.000 3472714.000 3572669.500 3673665.750 3775703.500 3878782.000 3982902.000 4088063.500 4194265.750 4301509.500 4409794.000 4519120.000 4629487.500 4740896.000 
4086666.000 4206480.000 4327555.500 4449892.000 4573489.500 4698348.000 4824468.000 4951849.500 5080492.000 5210395.500 5341560.000 5473986.000 5607673.500 5742621.500 
4812493.500 4953587.500 5096167.000 5240231.000 5385781.000 5532815.500 5681335.500 5831341.000 5982831.000 6135807.000 6290267.500 6446213.500 6603645.000 6762560.500 
5551281.500 5714035.500 5878503.000 6044683.000 6212577.000 6382183.500 6553503.500 6726537.000 6901283.000 7077743.000 7255915.500 7435801.500 7617400.500 7800713.000 
6303031.500 6487825.500 6674565.000 6863249.000 7053879.000 7246453.500 7440973.500 7637439.000 7835849.000 8036205.000 8238505.500 8442751.000 8648942.000 8857078.000 
7067742.000 7274956.000 7484351.500 7695927.500 7909685.500 8125624.000 8343744.000 8564045.000 8786527.000 9011191.000 9238036.000 9467062.000 9698268.000 9931657.000 
7845414.000 8075428.000 8307863.500 8542719.000 8779996.000 9019696.000 9261816.000 9506356.000 9753319.000 10002702.000 10254508.000 10508734.000 10765380.000 11024449.000 
8636047.000 8889240.000 9145100.000 9403623.000 9664814.000 9928668.000 10195188.000 10464374.000 10736223.000 11010740.000 11287920.000 11567766.000 11850278.000 12135453.000 
9439641.000 9716395.000 9996061.000 10278642.000 10564135.000 10852543.000 11143863.000 11438095.000 11735242.000 12035301.000 12338275.000 12644161.000 12952959.000 13264672.000 
10256196.000 10556890.000 10860750.000 11167773.000 11477964.000 11791318.000 12107838.000 12427524.000 12750373.000 13076390.000 13405570.000 13737916.000 14073428.000 14412103.000 
11085714.000 11410728.000 11739162.000 12071019.000 12406296.000 12744996.000 13087116.000 13432656.000 13781619.000 14134002.000 14489808.000 14849034.000 15211680.000 15577749.000 
11928192.000 12277906.000 12631300.000 12988377.000 13349134.000 13713574.000 14081694.000 14453494.000 14828977.000 15208140.000 15590986.000 15977512.000 16367718.000 16761607.000 
12783630.000 13158424.000 13537164.000 13919847.000 14306478.000 14697052.000 15091572.000 15490038.000 15892447.000 16298804.000 16709104.000 17123350.000 17541540.000 17963678.000 
13652031.000 14052285.000 14456751.000 14865432.000 15278325.000 15695433.000 16116753.000 16542285.000 16972034.000 17405994.000 17844168.000 18286554.000 18733152.000 19183964.000 
14533392.000 14959486.000 15390066.000 15825130.000 16264680.000 16708714.000 17157234.000 17610238.000 18067732.000 18529704.000 18996166.000 19467112.000 19942542.000 20422462.000 
15427716.000 15880030.000 16337104.000 16798944.000 17265538.000 17736898.000 18213018.000 18693898.000 19179544.000 19669944.000 20165110.000 20665036.000 21169722.000 21679174.000 
16335000.000 16813914.000 17297868.000 17786868.000 18280902.000 18779982.000 19284102.000 19793262.000 20307468.000 20826708.000 21350994.000 21880320.000 22414686.000 22954098.000 
17255244.000 17761138.000 18272356.000 18788904.000 19310770.000 19837966.000 20370486.000 20908330.000 21451504.000 21999996.000 22553818.000 23112964.000 23677434.000 24247234.000 
18188454.000 18721708.000 19260574.000 19805056.000 20355148.000 20910856.000 21472176.000 22039108.000 22611656.000 23189814.000 23773588.000 24362974.000 24957972.000 25558584.000 
19134618.000 19695612.000 20262510.000 20835318.000 21414024.000 21998640.000 22589160.000 23185584.000 23787918.000 24396150.000 25010292.000 25630338.000 26256288.000 26888148.000 
20093748.000 20682862.000 21278176.000 21879696.000 22487410.000 23101330.000 23721450.000 24347770.000 24980296.000 25619016.000 26263942.000 26915068.000 27572394.000 28235926.000 
21065838.000 21683452.000 22307566.000 22938186.000 23575300.000 24218920.000 24869040.000 25525660.000 26188786.000 26858406.000 27534532.000 28217158.000 28906284.000 29601916.000 
22050888.000 22697382.000 23350680.000 24010788.000 24677694.000 25351410.000 26031930.000 26719254.000 27413388.000 28114320.000 28822062.000 29536608.000 30257958.000 30986118.000 
23048904.000 23724658.000 24407524.000 25097504.000 25794598.000 26498806.000 27210126.000 27928558.000 28654104.000 29386764.000 30126538.000 30873424.000 31627422.000 32388536.000 
24059874.000 24765268.000 25478086.000 26198334.000 26926000.000 27661096.000 28403616.000 29153560.000 29910934.000 30675726.000 31447948.000 32227594.000 33014666.000 33809164.000 
25083810.000 25819224.000 26562378.000 27313278.000 28071912.000 28838292.000 29612412.000 30394272.000 31183878.000 31981218.000 32786304.000 33599132.000 34419700.000 35248004.000 
26120706.000 26886520.000 27660394.000 28442334.000 29232328.000 30030388.000 30836508.000 31650688.000 32472934.000 33303234.000 34141600.000 34988028.000 35842516.000 36705060.000 
27170562.000 27967156.000 28772134.000 29585502.000 30407248.000 31237384.000 32075904.000 32922810.000 33778104.000 34641780.000 35513840.000 36394288.000 37283120.000 38180332.000 
28233384.000 29061138.000 29897604.000 30742784.000 31596678.000 32459286.000 33330606.000 34210640.000 35099388.000 35996844.000 36903016.000 37817904.000 38741504.000 39673812.000 
29309160.000 30168454.000 31036792.000 31914180.000 32800610.000 33696084.000 34600604.000 35514172.000 36436780.000 37368432.000 38309136.000 39258880.000 40217676.000 41185504.000 
30397902.000 31289116.000 32189710.000 33099690.000 34019048.000 34947788.000 35885908.000 36833408.000 37790292.000 38756552.000 39732196.000 40717224.000 41711632.000 42715420.000 
31499604.000 32423118.000 33356352.000 34299312.000 35251992.000 36214388.000 37186508.000 38168352.000 39159912.000 40161192.000 41172200.000 42192924.000 43223376.000 44263540.000 
32614266.000 33570464.000 34536724.000 35513052.000 36499440.000 37495888.000 38502408.000 39519000.000 40545652.000 41582364.000 42629144.000 43685992.000 44752904.000 45829876.000 
33741888.000 34731144.000 35730808.000 36740892.000 37761388.000 38792292.000 39833612.000 40885348.000 41947492.000 43020048.000 44103024.000 45196408.000 46300212.000 47414420.000 
34882476.000 35905172.000 36938628.000 37982856.000 39037848.000 40103596.000 41180116.000 42267408.000 43365456.000 44474268.000 45593852.000 46724196.000 47865312.000 49017180.000 
36036024.000 37092536.000 38160172.000 39238932.000 40328812.000 41429808.000 42541928.000 43665172.000 44799532.000 45945012.000 47101616.000 48269344.000 49448196.000 50638156.000 
37202532.000 38293244.000 39395440.000 40509120.000 41634280.000 42770916.000 43919036.000 45078640.000 46249720.000 47432280.000 48626324.000 49831852.000 51048864.000 52277344.000 
38382000.000 39507296.000 40644432.000 41793420.000 42954252.000 44126924.000 45311444.000 46507812.000 47716020.000 48936072.000 50167976.000 51411720.000 52667316.000 53934744.000 
39574428.000 40734684.000 41907148.000 43091832.000 44288728.000 45497836.000 46719156.000 47952688.000 49198432.000 50456388.000 51726564.000 53008948.000 54303552.000 55610356.000 
40779824.000 41975420.000 43183600.000 44404364.000 45637712.000 46883648.000 48142168.000 49413272.000 50696964.000 51993240.000 53302100.000 54623544.000 55957576.000 57304192.000 
41998176.000 43229492.000 44473764.000 45731004.000 47001200.000 48284360.000 49580480.000 50889560.000 52211604.000 53546604.000 54894572.000 56255496.000 57629384.000 59016228.000 
43229492.000 44496900.000 45777660.000 47071756.000 48379196.000 49699976.000 51034096.000 52381556.000 53742356.000 55116500.000 56503980.000 57904812.000 59318980.000 60746484.000 
44473764.000 45777660.000 47095276.000 48426624.000 49771696.000 51130488.000 52503008.000 53889256.000 55289224.000 56702916.000 58130340.000 59571484.000 61026360.000 62494948.000 
45731004.000 47071756.000 48426624.000 49795608.000 51178700.000 52575908.000 53987228.000 55412660.000 56852208.000 58305864.000 59773636.000 61255524.000 62751524.000 64261632.000 
47001200.000 48379196.000 49771696.000 51178700.000 52600208.000 54036224.000 55486744.000 56951768.000 58431300.000 59925336.000 61433876.000 62956920.000 64494472.000 66046524.000 
48284360.000 49699976.000 51130488.000 52575908.000 54036224.000 55511444.000 57001564.000 58506584.000 60026508.000 61561328.000 63111056.000 64675680.000 66255200.000 67849632.000 
49580480.000 51034096.000 52503008.000 53987228.000 55486744.000 57001564.000 58531684.000 60077104.000 61637828.000 63213848.000 64805172.000 66411796.000 68033712.000 69670952.000 
50889560.000 52381556.000 53889256.000 55412660.000 56951768.000 58506584.000 60077104.000 61663328.000 63265260.000 64882896.000 66516236.000 68165272.000 69830016.000 71510488.000 
52211604.000 53742356.000 55289224.000 56852208.000 58431300.000 60026508.000 61637828.000 63265260.000 64908808.000 66568464.000 68244232.000 69936112.000 71644112.000 73368232.000 
53546604.000 55116500.000 56702916.000 58305864.000 59925336.000 61561328.000 63213848.000 64882896.000 66568464.000 68270560.000 69989184.000 71724328.000 73475992.000 75244192.000 
54894572.000 56503980.000 58130340.000 59773636.000 61433876.000 63111056.000 64805172.000 66516236.000 68244232.000 69989184.000 71751072.000 73529896.000 75325656.000 77138376.000 
56255496.000 57904812.000 59571484.000 61255524.000 62956920.000 64675680.000 66411796.000 68165272.000 69936112.000 71724328.000 73529896.000 75352816.000 77193096.000 79050760.000 
57629384.000 59318980.000 61026360.000 62751524.000 64494472.000 66255200.000 68033712.000 69830016.000 71644112.000 73475992.000 75325656.000 77193096.000 79078320.000 80981352.000 
59016228.000 60746484.000 62494948.000 64261632.000 66046524.000 67849632.000 69670952.000 71510488.000 73368232.000 75244192.000 77138376.000 79050760.000 80981352.000 82930176.000 
60416040.000 62187336.000 63977272.000 65785860.000 67613080.000 69458952.000 71323472.000 73206640.000 75108456.000 77028920.000 78968024.000 80925760.000 82902144.000 84897192.000 
61828812.000 63641524.000 65473320.000 67324192.000 69194152.000 71083184.000 72991304.000 74918512.000 76864792.000 78830168.000 80814608.000 82818136.000 84840736.000 86882432.000 
63254544.000 65109056.000 66983092.000 68876648.000 70789720.000 72722320.000 74674440.000 76646080.000 78637248.000 80647936.000 82678144.000 84727864.000 86797104.000 88885888.000 
64693236.000 66589932.000 68506592.000 70443216.000 72399808.000 74376360.000 76372880.000 78389360.000 80425816.000 82482232.000 84558616.000 86654960.000 88771272.000 90907552.000 
66144888.000 68084144.000 70043816.000 72023888.000 74024376.000 76045288.000 78086608.000 80148344.000 82230488.000 84333048.000 86456024.000 88599408.000 90763208.000 92947432.000 
67609512.000 69591712.000 71594768.000 73618680.000 75663472.000 77729128.000 79815648.000 81923032.000 84051280.000 86200408.000 88370392.000 90561232.000 92772936.000 95005528.000 
69087088.000 71112600.000 73159440.000 75227584.000 77317064.000 79427856.000 81559976.000 83713424.000 85888184.000 88084280.000 90301680.000 92540408.000 94800448.000 97081824.000 
70577616.000 72646840.000 74737840.000 76850592.000 78985152.000 81141488.000 83319608.000 85519512.000 87741200.000 89984672.000 92249920.000 94536936.000 96845736.000 99176336.000 
72081120.000 74194424.000 76329968.000 78487728.000 80667760.000 82870032.000 85094552.000 87341320.000 89610328.000 91901600.000 94215104.000 96550840.000 98908824.000 101289072.000 
73597584.000 75755344.000 77935816.000 80138976.000 82364872.000 84613480.000 86884800.000 89178832.000 91495576.000 93835048.000 96197224.000 98582104.000 100989696.000 103420024.000 
75127008.000 77329608.000 79555392.000 81804336.000 84076488.000 86371824.000 88690344.000 91032048.000 93396936.000 95785024.000 98196288.000 100630728.000 103088352.000 105569184.000 
76669392.000 78917208.000 81188688.000 83483808.000 85802608.000 88145072.000 90511192.000 92900968.000 95314408.000 97751520.000 100212288.000 102696712.000 105204792.000 107736560.000 
78224736.000 80518152.000 82835712.000 85177392.000 87543232.000 89933216.000 92347336.000 94785592.000 97247992.000 99734544.000 102245232.000 104780056.000 107339016.000 109922144.000 
79793040.000 82132440.000 84496464.000 86885088.000 89298360.000 91736256.000 94198776.000 96685920.000 99197688.000 101734096.000 104295120.000 106880760.000 109491024.000 112125936.000 
81374304.000 83760064.000 86170936.000 88606896.000 91067992.000 93554200.000 96065520.000 98601952.000 101163496.000 103750168.000 106361944.000 108998824.000 111660816.000 114347944.000 
82968528.000 85401032.000 87859136.000 90342816.000 92852128.000 95387040.000 97947560.000 100533688.000 103145416.000 105782768.000 108445712.000 111134248.000 113848392.000 116588160.000 
84575712.000 87055336.000 89561056.000 92092848.000 94650768.000 97234784.000 99844904.000 102481128.000 105143456.000 107831888.000 110546416.000 113287032.000 116053752.000 118846592.000 
86195872.000 88722984.000 91276704.000 93857008.000 96463928.000 99097440.000 101757560.000 104444288.000 107157608.000 109897544.000 112664064.000 115457192.000 118276912.000 121123248.000 
87828984.000 90403984.000 93006080.000 95635272.000 98291584.000 100975000.000 103685520.000 106423144.000 109187872.000 111979720.000 114798664.000 117644704.000 120517848.000 123418120.000 
89475048.000 92098304.000 94749176.000 97427648.000 100133736.000 102867448.000 105628768.000 108417704.000 111234248.000 114078408.000 116950184.000 119849568.000 122776568.000 125731192.000 
91134096.000 93805992.000 96506000.000 99234144.000 101990416.000 104774808.000 107587328.000 110427968.000 113296744.000 116193640.000 119118664.000 122071808.000 125053080.000 128062480.000 
92806080.000 95527000.000 98276560.000 101054736.000 103861576.000 106697056.000 109561176.000 112453936.000 115375344.000 118325392.000 121304080.000 124311400.000 127347360.000 130411984.000 
94491040.000 97261352.000 100060832.000 102889456.000 105747256.000 108634208.000 111550328.000 114495616.000 117470056.000 120473672.000 123506432.000 126568360.000 129659440.000 132779696.000 
96188952.000 99009056.000 101858840.000 104738280.000 107647432.000 110586264.000 113554784.000 116552992.000 119580888.000 122638472.000 125725736.000 128842672.000 131989304.000 135165632.000 
97899840.000 100770096.000 103670560.000 106601232.000 109562128.000 112553232.000 115574552.000 118626088.000 121707832.000 124819792.000 127961976.000 131134360.000 134336960.000 137569776.000 
99623664.000 102544464.000 105496008.000 108478280.000 111491312.000 114535080.000 117609600.000 120714864.000 123850880.000 127017640.000 130215144.000 133443384.000 136702368.000 139992128.000 
101360472.000 104332192.000 107335184.000 110369448.000 113435008.000 116531848.000 119659968.000 122819368.000 126010048.000 129232024.000 132485272.000 135769792.000 139085600.000 142432688.000 
103110240.000 106133256.000 109188088.000 112274736.000 115393216.000 118543520.000 121725640.000 124939576.000 128185336.000 131462928.000 134772336.000 138113552.000 141486592.000 144891488.000 
104872960.000 107947656.000 111054712.000 114194128.000 117365920.000 120570080.000 123806600.000 127075480.000 130376736.000 133710344.000 137076320.000 140474672.000 143905376.000 147368464.000 
106648640.000 109775392.000 112935064.000 116127632.000 119353120.000 122611528.000 125902848.000 129227088.000 132584240.000 135974304.000 139397280.000 142853152.000 146341968.000 149863696.000 
108437280.000 111616480.000 114829136.000 118075248.000 121354840.000 124667896.000 128014416.000 131394400.000 134807872.000 138254768.000 141735152.000 145249008.000 148796304.000 152377104.000 
110238888.000 113470912.000 116736944.000 120036984.000 123371064.000 126739160.000 130141280.000 133577432.000 137047616.000 140551792.000 144090016.000 147662224.000 151268464.000 154908736.000 
112053456.000 115338680.000 118658472.000 122012832.000 125401792.000 128825328.000 132283456.000 135776160.000 139303456.000 142865312.000 146461760.000 150092784.000 153758384.000 157458576.000 
113880984.000 117219784.000 120593728.000 124002800.000 127447024.000 130926408.000 134440928.000 137990608.000 141575424.000 145195376.000 148850480.000 152540704.000 156266112.000 160026656.000 
115721472.000 119114232.000 122542704.000 126006880.000 129506768.000 133042376.000 136613712.000 140220720.000 143863488.000 147541936.000 151256112.000 155006000.000 158791584.000 162612912.000 
117574944.000 121022040.000 124505408.000 128025072.000 131581024.000 135173264.000 138801792.000 142466576.000 146167696.000 149905040.000 153678720.000 157488656.000 161334880.000 165217424.000 
119441352.000 122943168.000 126481848.000 130057368.000 133669768.000 137319024.000 141005152.000 144728128.000 148487968.000 152284656.000 156118224.000 159988656.000 163895936.000 167840096.000 
121320720.000 124877640.000 128472000.000 132103776.000 135773024.000 139479696.000 143223840.000 147005376.000 150824400.000 154680816.000 158574720.000 162506032.000 166474800.000 170481024.000 
123213048.000 126825448.000 130475872.000 134164304.000 137890784.000 141655280.000 145457824.000 149298352.000 153176928.000 157093520.000 161048144.000 165040784.000 169071456.000 173140160.000 
124987464.000 128651880.000 132354864.000 136096416.000 139876544.000 143695264.000 147552544.000 151448384.000 155382816.000 159355824.000 163367392.000 167417536.000 171506240.000 175633536.000 
123633176.000 127257888.000 130920752.000 134621760.000 138360928.000 142138256.000 145953744.000 149807376.000 153699152.000 157629104.000 161597200.000 165603456.000 169647872.000 173730432.000 
96895768.000 99736560.000 102607256.000 105507856.000 108438360.000 111398768.000 114389080.000 117409288.000 120459400.000 123539416.000 126649336.000 129789160.000 132958896.000 136158528.000 
