1627063.375 1654612.375 1682362.500 1710313.750 1738466.000 1766819.375 1795374.000 1824129.500 1853086.125 1882243.875 1911602.875 1939142.750 1918282.375 1503919.750 
3278562.500 3334074.250 3389991.500 3446313.500 3503041.000 3560173.750 3617711.500 3675654.500 3734002.750 3792756.000 3851914.750 3907398.250 3865235.500 3029930.750 
4961585.000 5045593.000 5130215.000 5215449.500 5301297.500 5387759.000 5474833.000 5562521.000 5650821.500 5739735.500 5829263.000 5913222.000 5849323.500 4584931.000 
6676941.000 6789993.000 6903871.000 7018573.500 7134101.500 7250455.000 7367633.000 7485637.000 7604465.500 7724119.500 7844599.000 7957580.500 7871528.500 6169795.000 
8424661.000 8567305.000 8710991.000 8855718.000 9001486.000 9148295.000 9296145.000 9445037.000 9594970.000 9745944.000 9897959.000 10040511.000 9931886.000 7784562.000 
10204746.000 10377531.000 10551576.000 10726884.000 10903452.000 11081280.000 11260371.000 11440722.000 11622336.000 11805210.000 11989344.000 12162015.000 12030400.000 9429231.000 
12017198.000 12220669.000 12425628.000 12632070.000 12839998.000 13049412.000 13260309.000 13472694.000 13686562.000 13901916.000 14118756.000 14322091.000 14167069.000 11103804.000 
13862013.000 14096722.000 14333143.000 14571279.000 14811127.000 15052687.000 15295962.000 15540949.000 15787651.000 16036065.000 16286191.000 16520741.000 16341892.000 12808280.000 
15739196.000 16005688.000 16274126.000 16544508.000 16816836.000 17091108.000 17367330.000 17645490.000 17925600.000 18207654.000 18491652.000 18757966.000 18554870.000 14542659.000 
17648742.000 17947570.000 18248572.000 18551760.000 18857128.000 19164676.000 19474410.000 19786318.000 20100412.000 20416686.000 20735140.000 21033762.000 20806004.000 16306940.000 
19590654.000 19922362.000 20256484.000 20593032.000 20932000.000 21273388.000 21617202.000 21963430.000 22312084.000 22663158.000 23016652.000 23348130.000 23095292.000 18101126.000 
21564930.000 21930066.000 22297860.000 22668324.000 23041452.000 23417244.000 23795706.000 24176826.000 24560616.000 24947070.000 25336188.000 25701070.000 25422732.000 19925216.000 
23571576.000 23970684.000 24372706.000 24777642.000 25185490.000 25596250.000 26009924.000 26426512.000 26846014.000 27268428.000 27693754.000 28092584.000 27788332.000 21779206.000 
25610580.000 26044216.000 26481010.000 26920974.000 27364102.000 27810394.000 28259856.000 28712476.000 29168266.000 29627220.000 30089338.000 30522670.000 30192082.000 23663102.000 
27681954.000 28150662.000 28622784.000 29098332.000 29577300.000 30059688.000 30545502.000 31034730.000 31527384.000 32023458.000 32522952.000 32991328.000 32633990.000 25576898.000 
29785692.000 30290020.000 30798022.000 31309710.000 31825078.000 32344126.000 32866860.000 33393268.000 33923364.000 34457136.000 34994592.000 35498556.000 35114052.000 27520600.000 
31921794.000 32462290.000 33006724.000 33555112.000 34107436.000 34663712.000 35223932.000 35788096.000 36356204.000 36928256.000 37504256.000 38044364.000 37632272.000 29494204.000 
34090260.000 34667472.000 35248896.000 35834528.000 36424380.000 37018440.000 37616712.000 38219196.000 38825900.000 39436812.000 40051944.000 40628736.000 40188636.000 31497708.000 
36291096.000 36905572.000 37524532.000 38147972.000 38775900.000 39408316.000 40045212.000 40686592.000 41332464.000 41982816.000 42637660.000 43251688.000 42783164.000 33531120.000 
38524296.000 39176584.000 39833632.000 40495436.000 41162004.000 41833336.000 42509424.000 43190272.000 43875884.000 44566260.000 45261400.000 45913212.000 45415848.000 35594432.000 
40789860.000 41480508.000 42176196.000 42876920.000 43582688.000 44293500.000 45009348.000 45730236.000 46456168.000 47187144.000 47923164.000 48613308.000 48086680.000 37687648.000 
43087788.000 43817344.000 44552224.000 45292420.000 46037948.000 46788808.000 47544984.000 48306484.000 49073316.000 49845468.000 50622952.000 51351976.000 50795672.000 39810768.000 
45418080.000 46187092.000 46961716.000 47741948.000 48527796.000 49319260.000 50116332.000 50919016.000 51727320.000 52541232.000 53360764.000 54129216.000 53542816.000 41963788.000 
47780748.000 48589764.000 49404680.000 50225496.000 51052224.000 51884864.000 52723404.000 53567844.000 54418192.000 55274448.000 56136608.000 56945036.000 56328120.000 44146716.000 
50175768.000 51025336.000 51881104.000 52743068.000 53611236.000 54485608.000 55366176.000 56252944.000 57145920.000 58045092.000 58950472.000 59799424.000 59151572.000 46359544.000 
52603160.000 53493828.000 54390992.000 55294660.000 56204828.000 57121496.000 58044668.000 58974336.000 59910508.000 60853184.000 61802360.000 62692384.000 62013188.000 48602276.000 
55062912.000 55995228.000 56934348.000 57880268.000 58832996.000 59792532.000 60758868.000 61732008.000 62711960.000 63698712.000 64692272.000 65623920.000 64912948.000 50874912.000 
57555036.000 58529548.000 59511168.000 60499900.000 61495748.000 62498712.000 63508788.000 64525972.000 65550276.000 66581688.000 67620208.000 68594032.000 67850872.000 53177452.000 
60079524.000 61096780.000 62121456.000 63153556.000 64193084.000 65240040.000 66294420.000 67356224.000 68425456.000 69502104.000 70586176.000 71602712.000 70826944.000 55509892.000 
62636372.000 63696916.000 64765204.000 65841228.000 66925000.000 68016504.000 69115752.000 70222760.000 71337488.000 72459960.000 73590168.000 74649968.000 73841176.000 57872232.000 
65225588.000 66329972.000 67442416.000 68562928.000 69691496.000 70828120.000 71972808.000 73125576.000 74286384.000 75455256.000 76632184.000 77735792.000 76893560.000 60264480.000 
67847176.000 68995936.000 70153096.000 71318640.000 72492568.000 73674880.000 74865576.000 76064672.000 77272144.000 78487992.000 79712224.000 80860184.000 79984096.000 62686632.000 
70501120.000 71694816.000 72897240.000 74108376.000 75328224.000 76556784.000 77794056.000 79040056.000 80294760.000 81558168.000 82830288.000 84023152.000 83112784.000 65138688.000 
73187432.000 74426616.000 75674848.000 76932128.000 78198456.000 79473832.000 80758248.000 82051728.000 83354240.000 84665784.000 85986376.000 87224688.000 86279632.000 67620640.000 
75906104.000 77191320.000 78485920.000 79789904.000 81103272.000 82426024.000 83758160.000 85099680.000 86450576.000 87810840.000 89180488.000 90464800.000 89484632.000 70132496.000 
78657144.000 79988944.000 81330464.000 82681720.000 84042688.000 85413376.000 86793792.000 88183920.000 89583784.000 90993344.000 92412640.000 93743488.000 92727792.000 72674264.000 
81440560.000 82819480.000 84208480.000 85607544.000 87016672.000 88435864.000 89865120.000 91304456.000 92753848.000 94213296.000 95682808.000 97060752.000 96009112.000 75245928.000 
84256320.000 85682928.000 87119944.000 88567384.000 90025232.000 91493488.000 92972160.000 94461264.000 95960760.000 97470672.000 98990992.000 100416592.000 99328576.000 77847496.000 
87104464.000 88579288.000 90064888.000 91561256.000 93068384.000 94586272.000 96114928.000 97654360.000 99204552.000 100765504.000 102337224.000 103811000.000 102686200.000 80478968.000 
89984968.000 91508560.000 93043288.000 94589136.000 96146104.000 97714192.000 99293400.000 100883744.000 102485200.000 104097768.000 105721456.000 107243976.000 106081976.000 83140344.000 
92897832.000 94470752.000 96055152.000 97651048.000 99258416.000 100877264.000 102507600.000 104149416.000 105802712.000 107467472.000 109143728.000 110715520.000 109515904.000 85831624.000 
95843072.000 97465856.000 99100488.000 100746968.000 102405296.000 104075472.000 105757496.000 107451376.000 109157080.000 110874624.000 112604016.000 114225648.000 112987992.000 88552800.000 
98820672.000 100493872.000 102179296.000 103876928.000 105586776.000 107308840.000 109043112.000 110789608.000 112548304.000 114319224.000 116102344.000 117774344.000 116498232.000 91303888.000 
101830632.000 103554792.000 105291544.000 107040888.000 108802816.000 110577336.000 112364432.000 114164128.000 115976392.000 117801240.000 119638688.000 121361616.000 120046624.000 94084880.000 
104872960.000 106648640.000 108437280.000 110238888.000 112053456.000 113880984.000 115721472.000 117574944.000 119441352.000 121320720.000 123213048.000 124987464.000 123633176.000 96895768.000 
107947656.000 109775392.000 111616480.000 113470912.000 115338680.000 117219784.000 119114232.000 121022040.000 122943168.000 124877640.000 126825448.000 128651880.000 127257888.000 99736560.000 
111054712.000 112935064.000 114829136.000 116736944.000 118658472.000 120593728.000 122542704.000 124505408.000 126481848.000 128472000.000 130475872.000 132354864.000 130920752.000 102607256.000 
114194128.000 116127632.000 118075248.000 120036984.000 122012832.000 124002800.000 126006880.000 128025072.000 130057368.000 132103776.000 134164304.000 136096416.000 134621760.000 105507856.000 
117365920.000 119353120.000 121354840.000 123371064.000 125401792.000 127447024.000 129506768.000 131581024.000 133669768.000 135773024.000 137890784.000 139876544.000 138360928.000 108438360.000 
120570080.000 122611528.000 124667896.000 126739160.000 128825328.000 130926408.000 133042376.000 135173264.000 137319024.000 139479696.000 141655280.000 143695264.000 142138256.000 111398760.000 
123806600.000 125902848.000 128014416.000 130141280.000 132283456.000 134440928.000 136613712.000 138801792.000 141005152.000 143223840.000 145457824.000 147552544.000 145953744.000 114389072.000 
127075480.000 129227088.000 131394400.000 133577432.000 135776160.000 137990608.000 140220720.000 142466576.000 144728128.000 147005376.000 149298352.000 151448384.000 149807376.000 117409288.000 
130376736.000 132584240.000 134807872.000 137047616.000 139303456.000 141575424.000 143863488.000 146167696.000 148487968.000 150824400.000 153176928.000 155382816.000 153699152.000 120459400.000 
133710344.000 135974304.000 138254768.000 140551792.000 142865312.000 145195376.000 147541936.000 149905040.000 152284656.000 154680816.000 157093520.000 159355824.000 157629104.000 123539416.000 
137076320.000 139397280.000 141735152.000 144090016.000 146461760.000 148850480.000 151256112.000 153678720.000 156118224.000 158574720.000 161048144.000 163367392.000 161597200.000 126649344.000 
140474672.000 142853152.000 145249008.000 147662224.000 150092784.000 152540704.000 155006000.000 157488656.000 159988656.000 162506032.000 165040784.000 167417536.000 165603456.000 129789152.000 
143905376.000 146341968.000 148796304.000 151268464.000 153758384.000 156266112.000 158791584.000 161334880.000 163895936.000 166474800.000 169071456.000 171506240.000 169647872.000 132958896.000 
147368464.000 149863696.000 152377104.000 154908736.000 157458576.000 160026656.000 162612912.000 165217424.000 167840096.000 170481024.000 173140160.000 175633536.000 173730432.000 136158528.000 
150863904.000 153418304.000 155991344.000 158583024.000 161193344.000 163822320.000 166469936.000 169136208.000 171821104.000 174524672.000 177246864.000 179799392.000 177851136.000 139388048.000 
154391696.000 157005840.000 159639024.000 162291328.000 164962688.000 167653152.000 170362672.000 173091296.000 175838960.000 178605744.000 181391616.000 184003824.000 182010016.000 142647488.000 
157951872.000 160626304.000 163320208.000 166033680.000 168766624.000 171519136.000 174291120.000 177082672.000 179893696.000 182724288.000 185574400.000 188246832.000 186207040.000 145936832.000 
161544416.000 164279680.000 167034848.000 169810016.000 172605152.000 175420256.000 178255296.000 181110336.000 183985296.000 186880272.000 189795200.000 192528432.000 190442240.000 149256064.000 
165169328.000 167965952.000 170782960.000 173620400.000 176478256.000 179356512.000 182255184.000 185174272.000 188113760.000 191073696.000 194054016.000 196848592.000 194715568.000 152605216.000 
168826576.000 171685120.000 174564512.000 177464784.000 180385904.000 183327904.000 186290752.000 189274480.000 192279072.000 195304512.000 198350848.000 201207296.000 199027056.000 155984272.000 
172516208.000 175437232.000 178379536.000 181343200.000 184328160.000 187334464.000 190362064.000 193411008.000 196481232.000 199572816.000 202685728.000 205604592.000 203376688.000 159393216.000 
176238208.000 179222256.000 182228048.000 185255648.000 188304992.000 191376160.000 194469072.000 197583808.000 200720272.000 203878560.000 207058624.000 210040464.000 207764512.000 162832064.000 
179992576.000 183040192.000 186110016.000 189202112.000 192316416.000 195453008.000 198611808.000 201792896.000 204996176.000 208221744.000 211469552.000 214514912.000 212190464.000 166300832.000 
183779296.000 186891040.000 190025440.000 193182592.000 196362432.000 199565008.000 202790256.000 206038256.000 209308928.000 212602368.000 215918512.000 219027936.000 216654560.000 169799488.000 
187598400.000 190774800.000 193974336.000 197197104.000 200443008.000 203712144.000 207004416.000 210319920.000 213658560.000 217020432.000 220405488.000 223579520.000 221156832.000 173328064.000 
191449856.000 194691472.000 197956688.000 201245632.000 204558176.000 207894432.000 211254288.000 214637856.000 218045040.000 221475936.000 224930496.000 228169696.000 225697264.000 176886528.000 
195333680.000 198641056.000 201972512.000 205328176.000 208707920.000 212111856.000 215539872.000 218992080.000 222468384.000 225968880.000 229493520.000 232798432.000 230275840.000 180474896.000 
199249872.000 202623552.000 206021808.000 209444736.000 212892240.000 216364416.000 219861168.000 223382592.000 226928592.000 230499264.000 234094560.000 237465728.000 234892560.000 184093152.000 
203198416.000 206638960.000 210104560.000 213595312.000 217111152.000 220652128.000 224218176.000 227809376.000 231425664.000 235067088.000 238733632.000 242171616.000 239547440.000 187741344.000 
207179344.000 210687280.000 214220784.000 217779920.000 221364624.000 224974976.000 228610896.000 232272464.000 235959584.000 239672352.000 243410720.000 246916064.000 244240496.000 191419424.000 
211192624.000 214768512.000 218370464.000 221998544.000 225652688.000 229332976.000 233039328.000 236771824.000 240530368.000 244315056.000 248125840.000 251699088.000 248971680.000 195127408.000 
215238272.000 218882656.000 222553600.000 226251184.000 229975328.000 233726128.000 237503472.000 241307472.000 245138016.000 248995200.000 252878992.000 256520688.000 253741008.000 198865280.000 
219316288.000 223029712.000 226770224.000 230537856.000 234332576.000 238154416.000 242003344.000 245879392.000 249782528.000 253712800.000 257670160.000 261380864.000 258548528.000 202633072.000 
223426688.000 227209696.000 231020320.000 234858560.000 238724400.000 242617872.000 246538944.000 250487632.000 254463920.000 258467840.000 262499376.000 266279632.000 263394176.000 206430768.000 
227569424.000 231422592.000 235303856.000 239213280.000 243150800.000 247116480.000 251110224.000 255132144.000 259182144.000 263260320.000 267366624.000 271216960.000 268278000.000 210258352.000 
231744528.000 235668400.000 239620864.000 243602016.000 247611760.000 251650192.000 255717216.000 259812928.000 263937232.000 268090224.000 272271840.000 276192864.000 273199968.000 214115856.000 
235952000.000 239947104.000 243971328.000 248024752.000 252107296.000 256219056.000 260359920.000 264530000.000 268729184.000 272957568.000 277215104.000 281207328.000 278160128.000 218003264.000 
240191872.000 244258752.000 248355280.000 252481536.000 256637456.000 260823072.000 265038368.000 269283360.000 273558016.000 277862400.000 282196448.000 286260352.000 283158400.000 221920560.000 
244464064.000 248603296.000 252772704.000 256972336.000 261202176.000 265462256.000 269752512.000 274072960.000 278423648.000 282804576.000 287215744.000 291351968.000 288194816.000 225867776.000 
248768608.000 252980736.000 257223552.000 261497152.000 265801472.000 270136576.000 274502400.000 278898912.000 283326208.000 287784288.000 292273120.000 296482144.000 293269408.000 229844880.000 
253105568.000 257391104.000 261707920.000 266056000.000 270435392.000 274846048.000 279288000.000 283761152.000 288265632.000 292801440.000 297368512.000 301650912.000 298382144.000 233851904.000 
257474864.000 261834400.000 266225696.000 270648832.000 275103808.000 279590624.000 284109248.000 288659648.000 293241888.000 297855968.000 302501856.000 306858208.000 303533056.000 237888816.000 
261876512.000 266310576.000 270776992.000 275275680.000 279806848.000 284370368.000 288966240.000 293594432.000 298255008.000 302947968.000 307673312.000 312104128.000 308722080.000 241955632.000 
266310576.000 270819712.000 275361728.000 279936608.000 284544480.000 289185280.000 293858976.000 298565504.000 303305024.000 308077440.000 312882784.000 317388608.000 313949280.000 246052368.000 
270776992.000 275361728.000 279979904.000 284631552.000 289316704.000 294035328.000 298787392.000 303572896.000 308391872.000 313244320.000 318130272.000 322711648.000 319214656.000 250178992.000 
275275680.000 279936608.000 284631552.000 289360448.000 294123456.000 298920448.000 303751488.000 308616512.000 313515520.000 318448608.000 323415712.000 328073280.000 324518176.000 254335536.000 
279806848.000 284544480.000 289316704.000 294123456.000 298964832.000 303840800.000 308751360.000 313696416.000 318676096.000 323690400.000 328739264.000 333473472.000 329859872.000 258521984.000 
284370368.000 289185280.000 294035328.000 298920448.000 303840800.000 308796288.000 313786944.000 318812640.000 323873568.000 328969632.000 334100832.000 338912224.000 335239680.000 262738304.000 
288966240.000 293858976.000 298787392.000 303751488.000 308751360.000 313786944.000 318858176.000 323965152.000 329107872.000 334286304.000 339500448.000 344389568.000 340657664.000 266984560.000 
293594432.000 298565504.000 303572896.000 308616512.000 313696416.000 318812640.000 323965152.000 329153920.000 334378976.000 339640320.000 344937984.000 349905440.000 346113792.000 271260672.000 
298255008.000 303305024.000 308391872.000 313515520.000 318676096.000 323873568.000 329107872.000 334378976.000 339686976.000 345031872.000 350413632.000 355459936.000 351608096.000 275566720.000 
302947968.000 308077440.000 313244320.000 318448608.000 323690400.000 328969632.000 334286304.000 339640320.000 345031872.000 350460864.000 355927296.000 361053024.000 357140512.000 279902688.000 
307673312.000 312882784.000 318130272.000 323415712.000 328739264.000 334100832.000 339500448.000 344937984.000 350413632.000 355927296.000 361478976.000 366684640.000 362711136.000 284268512.000 
312104128.000 317388608.000 322711648.000 328073280.000 333473472.000 338912224.000 344389568.000 349905440.000 355459936.000 361053024.000 366684640.000 371964896.000 367923936.000 288262272.000 
308722080.000 313949280.000 319214656.000 324518176.000 329859872.000 335239680.000 340657664.000 346113792.000 351608096.000 357140512.000 362711136.000 367923936.000 363671680.000 283862400.000 
241955616.000 246052352.000 250178976.000 254335520.000 258521968.000 262738304.000 266984544.000 271260672.000 275566720.000 279902688.000 284268512.000 288262272.000 283862400.000 218643232.000 
