 304.000  248.400  405.200  584.400  786.000 1010.000 1256.400 1525.200 1816.400 1910.000 
 226.400  492.800  803.600 1158.800 1558.400 2002.400 2490.800 3023.600 3600.800 3738.400 
 369.200  803.600 1310.400 1889.600 2541.200 3265.200 4061.600 4930.400 5871.600 6093.200 
 532.400 1158.800 1889.600 2724.800 3664.400 4708.400 5856.800 7109.600 8466.801 8784.400 
 716.000 1558.400 2541.200 3664.400 4928.000 6332.000 7876.400 9561.200 11386.400 11812.000 
 920.000 2002.400 3265.200 4708.400 6332.000 8136.000 10120.400 12285.200 14630.400 15176.000 
1144.400 2490.800 4061.600 5856.800 7876.400 10120.400 12588.801 15281.601 18198.801 18876.400 
1389.200 3023.600 4930.400 7109.600 9561.200 12285.200 15281.601 18550.398 22091.600 22913.199 
1654.400 3600.800 5871.600 8466.801 11386.400 14630.400 18198.801 22091.600 26308.801 27970.400 
1720.000 3738.400 6093.200 8784.400 11812.000 15176.000 18876.400 22913.199 27286.400 27816.000 
