1262490.750 1287224.500 1312159.375 1337295.375 1362632.500 1388170.750 1413910.000 1439850.375 1465991.750 1492334.375 1518878.000 1545622.625 1572568.375 1599715.375 
2543942.250 2593781.250 2644025.500 2694675.000 2745729.750 2797189.750 2849054.750 2901324.750 2954000.250 3007081.250 3060567.000 3114458.250 3168754.250 3223455.750 
3849853.500 3925277.250 4001313.750 4077963.750 4155227.250 4233103.000 4311593.000 4390695.500 4470411.500 4550741.000 4631683.000 4713239.000 4795407.500 4878189.500 
5180853.000 5282353.000 5384677.500 5487827.500 5591803.000 5696603.000 5802229.000 5908679.500 6015955.500 6124057.000 6232983.000 6342735.000 6453311.500 6564713.500 
6536965.500 6665033.500 6794142.000 6924292.000 7055483.500 7187715.500 7320989.500 7455304.000 7590660.000 7727057.500 7864495.500 8002975.500 8142496.000 8283058.000 
7918191.000 8073319.500 8229708.000 8387358.000 8546268.000 8706441.000 8867874.000 9030570.000 9194526.000 9359742.000 9526221.000 9693960.000 9862962.000 10033224.000 
9324530.000 9507210.000 9691374.000 9877024.000 10064160.000 10252779.000 10442886.000 10634476.000 10827552.000 11022114.000 11218159.000 11415692.000 11614708.000 11815210.000 
10755982.000 10966705.000 11179143.000 11393293.000 11609155.000 11826732.000 12046021.000 12267025.000 12489741.000 12714169.000 12940312.000 13168167.000 13397737.000 13629019.000 
12212547.000 12451808.000 12693012.000 12936162.000 13181258.000 13428297.000 13677284.000 13928214.000 14181090.000 14435912.000 14692677.000 14951390.000 15212046.000 15474648.000 
13694227.000 13962514.000 14232984.000 14505634.000 14780464.000 15057477.000 15336670.000 15618046.000 15901602.000 16187338.000 16475257.000 16765356.000 17057638.000 17352100.000 
15201019.000 15498826.000 15799056.000 16101706.000 16406776.000 16714269.000 17024182.000 17336518.000 17651274.000 17968450.000 18288050.000 18610068.000 18934510.000 19261372.000 
16732924.000 17060742.000 17391228.000 17724378.000 18060192.000 18398676.000 18739818.000 19083630.000 19430106.000 19779246.000 20131056.000 20485524.000 20842662.000 21202464.000 
18289944.000 18648268.000 19009506.000 19373656.000 19740718.000 20110696.000 20483584.000 20859388.000 21238104.000 21619732.000 22004276.000 22391730.000 22782100.000 23175382.000 
19872076.000 20261392.000 20653878.000 21049528.000 21448342.000 21850326.000 22255468.000 22663780.000 23075256.000 23489896.000 23907706.000 24328674.000 24752812.000 25180114.000 
21479322.000 21900126.000 22324356.000 22752006.000 23183076.000 23617572.000 24055482.000 24496818.000 24941574.000 25389750.000 25841352.000 26296368.000 26754810.000 27216672.000 
23111680.000 23564464.000 24020934.000 24481084.000 24944914.000 25412430.000 25883620.000 26358496.000 26837052.000 27319288.000 27805210.000 28294806.000 28788088.000 29285050.000 
24769150.000 25254406.000 25743612.000 26236762.000 26733856.000 27234900.000 27739882.000 28248814.000 28761690.000 29278510.000 29799280.000 30323988.000 30852646.000 31385248.000 
26451736.000 26969958.000 27492396.000 28019046.000 28549908.000 29084984.000 29624274.000 30167778.000 30715494.000 31267422.000 31823564.000 32383920.000 32948488.000 33517270.000 
28159432.000 28711108.000 29267274.000 29827924.000 30393058.000 30962682.000 31536784.000 32115376.000 32698452.000 33286012.000 33878056.000 34474596.000 35075608.000 35681112.000 
29892244.000 30477868.000 31068258.000 31663408.000 32263318.000 32867992.000 33477424.000 34091620.000 34710576.000 35334292.000 35962768.000 36596016.000 37234012.000 37876772.000 
31650168.000 32270232.000 32895342.000 33525492.000 34160688.000 34800912.000 35446188.000 36096504.000 36751860.000 37412256.000 38077692.000 38748180.000 39423696.000 40104256.000 
33433204.000 34088200.000 34748524.000 35414176.000 36085156.000 36761448.000 37443076.000 38130028.000 38822304.000 39519904.000 40222828.000 40931088.000 41644660.000 42363564.000 
35241352.000 35931772.000 36627812.000 37329460.000 38036728.000 38749604.000 39468088.000 40192192.000 40921908.000 41657236.000 42398180.000 43144740.000 43896904.000 44654688.000 
37074624.000 37800960.000 38533200.000 39271356.000 40015408.000 40765368.000 41521236.000 42283008.000 43050684.000 43824264.000 44603748.000 45389144.000 46180440.000 46977640.000 
38932996.000 39695740.000 40464692.000 41239840.000 42021196.000 42808740.000 43602496.000 44402452.000 45208608.000 46020964.000 46839524.000 47664288.000 48495244.000 49332408.000 
40816484.000 41616132.000 42422284.000 43234932.000 44054080.000 44879732.000 45711884.000 46550544.000 47395700.000 48247356.000 49105516.000 49970176.000 50841336.000 51718996.000 
42725088.000 43562124.000 44405972.000 45256620.000 46114080.000 46978332.000 47849400.000 48727272.000 49611948.000 50503428.000 51401712.000 52306812.000 53218704.000 54137408.000 
44658808.000 45533728.000 46415764.000 47304916.000 48201184.000 49104552.000 50015044.000 50932648.000 51857364.000 52789192.000 53728132.000 54674192.000 55627360.000 56587640.000 
46617640.000 47530936.000 48451660.000 49379812.000 50315388.000 51258384.000 52208812.000 53166664.000 54131940.000 55104640.000 56084764.000 57072320.000 58067296.000 59069696.000 
48601576.000 49553744.000 50513652.000 51481304.000 52456696.000 53439824.000 54430700.000 55429312.000 56435668.000 57449768.000 58471604.000 59501188.000 60538508.000 61583568.000 
50610632.000 51602160.000 52601748.000 53609400.000 54625112.000 55648880.000 56680716.000 57720608.000 58768564.000 59824584.000 60888660.000 61960804.000 63041004.000 64129264.000 
52644808.000 53676184.000 54715948.000 55764100.000 56820636.000 57885552.000 58958860.000 60040552.000 61130628.000 62229088.000 63335932.000 64451168.000 65574784.000 66706784.000 
54704088.000 55775808.000 56856244.000 57945396.000 59043264.000 60149832.000 61265124.000 62389128.000 63521844.000 64663272.000 65813412.000 66972272.000 68139840.000 69316128.000 
56788480.000 57901036.000 59022644.000 60153292.000 61292992.000 62441724.000 63599512.000 64766344.000 65942220.000 67127136.000 68321112.000 69524112.000 70736176.000 71957288.000 
58897988.000 60051876.000 61215148.000 62387796.000 63569824.000 64761236.000 65962028.000 67172200.000 68391760.000 69620688.000 70859016.000 72106712.000 73363792.000 74630264.000 
61032612.000 62228316.000 63433748.000 64648896.000 65873772.000 67108360.000 68352672.000 69606712.000 70870464.000 72143944.000 73427144.000 74720064.000 76022704.000 77335064.000 
63192352.000 64430368.000 65678448.000 66936604.000 68204824.000 69483096.000 70771448.000 72069856.000 73378328.000 74696872.000 76025488.000 77364144.000 78712888.000 80071696.000 
65377192.000 66658012.000 67949248.000 69250904.000 70562968.000 71885432.000 73218336.000 74561632.000 75915352.000 77279480.000 78654032.000 80038968.000 81434344.000 82840128.000 
67587160.000 68911280.000 70246160.000 71591816.000 72948232.000 74315400.000 75693352.000 77082064.000 78481544.000 79891784.000 81312784.000 82744552.000 84187096.000 85640400.000 
69822232.000 71190136.000 72569160.000 73959320.000 75360592.000 76772976.000 78196496.000 79631128.000 81076888.000 82533760.000 84001768.000 85480872.000 86971120.000 88472488.000 
72082416.000 73494608.000 74918272.000 76353424.000 77800056.000 79258168.000 80727768.000 82208840.000 83701392.000 85205432.000 86720952.000 88247952.000 89786432.000 91336392.000 
74367720.000 75824672.000 77293472.000 78774136.000 80266632.000 81770968.000 83287168.000 84815184.000 86355064.000 87906776.000 89470352.000 91045760.000 92633016.000 94232128.000 
76678144.000 78180360.000 79694792.000 81221448.000 82760320.000 84311392.000 85874680.000 87450184.000 89037896.000 90637824.000 92249968.000 93874320.000 95510896.000 97159680.000 
79013656.000 80561632.000 82122192.000 83695352.000 85281088.000 86879400.000 88490320.000 90113800.000 91749880.000 93398536.000 95059792.000 96733616.000 98420032.000 100119040.000 
81374304.000 82968528.000 84575712.000 86195872.000 87828984.000 89475048.000 91134096.000 92806080.000 94491040.000 96188952.000 97899840.000 99623664.000 101360472.000 103110240.000 
83760064.000 85401032.000 87055336.000 88722984.000 90403984.000 92098304.000 93805992.000 95527000.000 97261352.000 99009056.000 100770096.000 102544464.000 104332192.000 106133256.000 
86170936.000 87859136.000 89561056.000 91276704.000 93006080.000 94749176.000 96506000.000 98276560.000 100060832.000 101858840.000 103670560.000 105496008.000 107335184.000 109188088.000 
88606896.000 90342816.000 92092848.000 93857008.000 95635272.000 97427648.000 99234144.000 101054736.000 102889456.000 104738280.000 106601232.000 108478280.000 110369448.000 112274736.000 
91067992.000 92852128.000 94650768.000 96463928.000 98291584.000 100133736.000 101990416.000 103861576.000 105747256.000 107647432.000 109562128.000 111491312.000 113435008.000 115393216.000 
93554200.000 95387040.000 97234784.000 99097440.000 100975000.000 102867448.000 104774808.000 106697056.000 108634208.000 110586264.000 112553232.000 114535080.000 116531848.000 118543520.000 
96065520.000 97947560.000 99844904.000 101757560.000 103685520.000 105628768.000 107587328.000 109561176.000 111550328.000 113554784.000 115574552.000 117609600.000 119659968.000 121725640.000 
98601952.000 100533688.000 102481128.000 104444288.000 106423144.000 108417704.000 110427968.000 112453936.000 114495616.000 116552992.000 118626088.000 120714864.000 122819368.000 124939576.000 
101163496.000 103145416.000 105143456.000 107157608.000 109187872.000 111234248.000 113296744.000 115375344.000 117470056.000 119580888.000 121707832.000 123850880.000 126010048.000 128185336.000 
103750168.000 105782768.000 107831888.000 109897544.000 111979720.000 114078408.000 116193640.000 118325392.000 120473672.000 122638472.000 124819792.000 127017640.000 129232024.000 131462928.000 
106361944.000 108445712.000 110546416.000 112664064.000 114798664.000 116950184.000 119118664.000 121304080.000 123506432.000 125725736.000 127961976.000 130215144.000 132485272.000 134772336.000 
108998824.000 111134248.000 113287032.000 115457192.000 117644704.000 119849568.000 122071808.000 124311400.000 126568360.000 128842672.000 131134360.000 133443384.000 135769792.000 138113552.000 
111660816.000 113848392.000 116053752.000 118276912.000 120517848.000 122776568.000 125053080.000 127347360.000 129659440.000 131989304.000 134336960.000 136702368.000 139085600.000 141486592.000 
114347944.000 116588160.000 118846592.000 121123248.000 123418120.000 125731192.000 128062480.000 130411984.000 132779696.000 135165632.000 137569776.000 139992128.000 142432688.000 144891488.000 
117060160.000 119353512.000 121665512.000 123996176.000 126345472.000 128713408.000 131100008.000 133505224.000 135929104.000 138371616.000 140832800.000 143312608.000 145811056.000 148328160.000 
119797504.000 122144480.000 124510552.000 126895696.000 129299944.000 131723256.000 134165648.000 136627104.000 139107648.000 141607312.000 144126016.000 146663808.000 149220704.000 151796672.000 
122559952.000 124961056.000 127381680.000 129821840.000 132281512.000 134760720.000 137259424.000 139777648.000 142315392.000 144872688.000 147449488.000 150045792.000 152661632.000 155297008.000 
125347528.000 127803248.000 130278928.000 132774576.000 135290192.000 137825776.000 140381328.000 142956832.000 145552304.000 148167760.000 150803168.000 153458512.000 156133856.000 158829168.000 
128160192.000 130671016.000 133202248.000 135753904.000 138325968.000 140918464.000 143531360.000 146164656.000 148818368.000 151492496.000 154187040.000 156901984.000 159637344.000 162393136.000 
130997992.000 133564408.000 136151664.000 138759808.000 141388832.000 144038736.000 146709472.000 149401072.000 152113552.000 154846912.000 157601104.000 160376160.000 163172112.000 165988912.000 
133860880.000 136483376.000 139127200.000 141792352.000 144478832.000 147186640.000 149915760.000 152666176.000 155437920.000 158231024.000 161045408.000 163881120.000 166738160.000 169616544.000 
136748912.000 139427984.000 142128848.000 144851488.000 147595920.000 150362160.000 153150160.000 155959920.000 158791456.000 161644832.000 164519936.000 167416832.000 170335520.000 173275984.000 
139662048.000 142398192.000 145156592.000 147937232.000 150740128.000 153565296.000 156412688.000 159282304.000 162174160.000 165088304.000 168024672.000 170983280.000 173964144.000 176967248.000 
142600288.000 145394016.000 148210448.000 151049584.000 153911440.000 156796048.000 159703328.000 162633328.000 165586032.000 168561488.000 171559632.000 174580464.000 177624032.000 180690320.000 
145563648.000 148415424.000 151290384.000 154188528.000 157109856.000 160054416.000 163022112.000 166012992.000 169027056.000 172064336.000 175124784.000 178208400.000 181315216.000 184445232.000 
148552112.000 151462448.000 154396432.000 157354080.000 160335376.000 163340384.000 166369008.000 169421296.000 172497248.000 175596880.000 178720160.000 181867072.000 185037696.000 188231952.000 
151565696.000 154535072.000 157528576.000 160546224.000 163588000.000 166653968.000 169744032.000 172858240.000 175996592.000 179159104.000 182345744.000 185556496.000 188791440.000 192050496.000 
154604400.000 157633296.000 160686816.000 163764960.000 166867728.000 169995152.000 173147184.000 176323824.000 179525088.000 182751008.000 186001536.000 189276672.000 192576448.000 195900864.000 
157668208.000 160757136.000 163871168.000 167010304.000 170174560.000 173363952.000 176578448.000 179818048.000 183082752.000 186372592.000 189687552.000 193027584.000 196392752.000 199783040.000 
160757136.000 163906560.000 167081600.000 170282240.000 173508496.000 176760384.000 180037856.000 183340912.000 186669568.000 190023872.000 193403760.000 196809248.000 200240352.000 203697056.000 
163871168.000 167081600.000 170318144.000 173580784.000 176869536.000 180184416.000 183525376.000 186892416.000 190285552.000 193704832.000 197150192.000 200621648.000 204119216.000 207642880.000 
167010304.000 170282240.000 173580784.000 176905936.000 180257696.000 183636064.000 187041024.000 190472560.000 193930704.000 197415472.000 200926832.000 204464784.000 208029344.000 211620528.000 
170174560.000 173508496.000 176869536.000 180257696.000 183672960.000 187115312.000 190584784.000 194081344.000 197605024.000 201155808.000 204733696.000 208338688.000 211970784.000 215629984.000 
173363952.000 176760384.000 180184416.000 183636064.000 187115312.000 190622208.000 194156704.000 197718800.000 201308512.000 204925840.000 208570800.000 212243344.000 215943504.000 219671296.000 
176578448.000 180037856.000 183525376.000 187041024.000 190584784.000 194156704.000 197756736.000 201384880.000 205041152.000 208725552.000 212438096.000 216178720.000 219947504.000 223744416.000 
179818048.000 183340912.000 186892416.000 190472560.000 194081344.000 197718800.000 201384880.000 205079584.000 208802928.000 212554944.000 216335584.000 220144848.000 223982784.000 227849344.000 
183082752.000 186669568.000 190285552.000 193930704.000 197605024.000 201308512.000 205041152.000 208802928.000 212593872.000 216414016.000 220263280.000 224141712.000 228049344.000 231986096.000 
186372592.000 190023872.000 193704832.000 197415472.000 201155808.000 204925840.000 208725552.000 212554944.000 216414016.000 220302784.000 224221232.000 228169360.000 232147168.000 236154688.000 
189687552.000 193403760.000 197150192.000 200926832.000 204733696.000 208570800.000 212438096.000 216335584.000 220263280.000 224221232.000 228209376.000 232227728.000 236276304.000 240355088.000 
193027584.000 196809248.000 200621648.000 204464784.000 208338688.000 212243344.000 216178720.000 220144848.000 224141712.000 228169360.000 232227728.000 236316816.000 240436688.000 244587280.000 
196392752.000 200240352.000 204119216.000 208029344.000 211970784.000 215943504.000 219947504.000 223982784.000 228049344.000 232147168.000 236276304.000 240436688.000 244628384.000 248851328.000 
199783040.000 203697056.000 207642880.000 211620528.000 215629984.000 219671296.000 223744416.000 227849344.000 231986096.000 236154688.000 240355088.000 244587280.000 248851328.000 253147200.000 
203198416.000 207179344.000 211192624.000 215238272.000 219316288.000 223426688.000 227569424.000 231744528.000 235952000.000 240191872.000 244464064.000 248768608.000 253105568.000 257474864.000 
206638960.000 210687280.000 214768512.000 218882656.000 223029712.000 227209696.000 231422592.000 235668400.000 239947104.000 244258752.000 248603296.000 252980736.000 257391104.000 261834400.000 
210104560.000 214220784.000 218370464.000 222553600.000 226770224.000 231020320.000 235303856.000 239620864.000 243971328.000 248355280.000 252772704.000 257223552.000 261707920.000 266225696.000 
213595312.000 217779920.000 221998544.000 226251184.000 230537856.000 234858560.000 239213280.000 243602016.000 248024752.000 252481536.000 256972336.000 261497152.000 266056000.000 270648832.000 
217111152.000 221364624.000 225652688.000 229975328.000 234332576.000 238724400.000 243150800.000 247611760.000 252107296.000 256637456.000 261202176.000 265801472.000 270435392.000 275103808.000 
220652128.000 224974976.000 229332976.000 233726128.000 238154416.000 242617872.000 247116480.000 251650192.000 256219056.000 260823072.000 265462256.000 270136576.000 274846048.000 279590624.000 
224218176.000 228610896.000 233039328.000 237503472.000 242003344.000 246538944.000 251110224.000 255717216.000 260359920.000 265038368.000 269752512.000 274502400.000 279288000.000 284109248.000 
227809376.000 232272464.000 236771824.000 241307472.000 245879392.000 250487632.000 255132144.000 259812928.000 264530000.000 269283360.000 274072960.000 278898912.000 283761152.000 288659648.000 
231425664.000 235959584.000 240530368.000 245138016.000 249782528.000 254463920.000 259182144.000 263937232.000 268729184.000 273558016.000 278423648.000 283326208.000 288265632.000 293241888.000 
235067088.000 239672352.000 244315056.000 248995200.000 253712800.000 258467840.000 263260320.000 268090224.000 272957568.000 277862400.000 282804576.000 287784288.000 292801440.000 297855968.000 
238733632.000 243410720.000 248125840.000 252878992.000 257670160.000 262499376.000 267366624.000 272271840.000 277215104.000 282196448.000 287215744.000 292273120.000 297368512.000 302501856.000 
242171616.000 246916064.000 251699088.000 256520688.000 261380864.000 266279632.000 271216960.000 276192864.000 281207328.000 286260352.000 291351968.000 296482144.000 301650912.000 306858208.000 
239547440.000 244240496.000 248971680.000 253741008.000 258548512.000 263394192.000 268278016.000 273200000.000 278160128.000 283158400.000 288194816.000 293269408.000 298382112.000 303533056.000 
187741344.000 191419440.000 195127392.000 198865280.000 202633072.000 206430768.000 210258368.000 214115872.000 218003280.000 221920576.000 225867776.000 229844880.000 233851888.000 237888816.000 
