46742.398 54093.199 61876.398 70092.000 78740.000 87820.406 97333.203 95528.000 
49493.199 62600.000 71607.203 81114.797 91122.797 101631.203 112640.000 110549.203 
56614.000 71607.203 81910.406 92786.000 104234.000 116254.406 128847.203 126454.000 
64130.402 81114.797 92786.000 105105.594 118073.594 131690.000 145954.797 143242.406 
72042.406 91122.797 104234.000 118073.594 132641.594 147938.000 163962.797 166176.797 
80350.000 101631.203 116254.406 131690.000 147938.000 164998.406 182871.203 179470.000 
89053.203 112640.000 128847.203 145954.797 163962.797 182871.203 202680.000 198909.203 
86401.594 110549.203 126454.000 143242.406 160914.406 179470.000 198909.203 192249.594 
