185061.188 198333.000 211805.906 225479.875 239354.953 253431.109 267708.312 282186.688 296866.094 311746.594 326828.188 342110.906 357594.688 373279.531 389165.500 
372901.750 399644.688 426792.812 454346.156 482304.656 510668.375 539437.312 568611.438 598190.688 628175.250 658564.938 689359.812 720559.938 752165.188 784175.688 
564327.812 604799.062 645883.375 687581.062 729891.812 772815.812 816353.062 860503.375 905267.062 950643.812 996633.812 1043237.062 1090453.500 1138283.000 1186725.750 
759431.438 813894.625 869183.062 925296.625 982235.438 1039999.438 1098588.750 1158003.000 1218242.750 1279307.375 1341197.375 1403912.750 1467453.000 1531818.750 1597009.375 
958216.250 1026935.375 1096695.750 1167497.375 1239340.250 1312224.250 1386149.375 1461115.750 1537123.375 1614172.250 1692262.250 1771393.500 1851565.875 1932779.500 2015034.250 
1160682.250 1243921.375 1328421.750 1414183.375 1501206.250 1589490.250 1679035.375 1769841.750 1861909.500 1955238.250 2049828.250 2145679.500 2242791.750 2341165.500 2440800.000 
1366829.375 1464852.750 1564361.000 1665354.750 1767833.375 1871797.375 1977246.750 2084181.125 2192601.000 2302505.500 2413895.500 2526771.000 2641131.250 2756977.000 2874307.500 
1576657.750 1689729.000 1804513.500 1921011.125 2039221.875 2159145.750 2280783.250 2404133.500 2529197.250 2655973.750 2784463.750 2914667.250 3046583.500 3180213.250 3315555.750 
1790167.375 1918550.750 2048879.125 2181153.000 2315371.500 2451535.500 2589645.000 2729699.250 2871699.000 3015643.500 3161533.500 3309369.000 3459149.250 3610875.000 3764545.500 
2007358.250 2151317.500 2297457.750 2445779.500 2596282.000 2748966.000 2903831.500 3060877.750 3220105.500 3381514.000 3545104.000 3710875.500 3878827.750 4048961.500 4221276.000 
2228230.000 2388029.500 2550249.750 2714891.500 2881954.000 3051438.000 3223343.500 3397669.750 3574417.500 3753586.000 3935176.000 4119187.500 4305620.000 4494473.500 4685748.000 
2452783.500 2628687.000 2807255.250 2988489.000 3172387.500 3358951.500 3548181.000 3740075.250 3934635.000 4131859.500 4331749.500 4534305.000 4739525.000 4947411.000 5157961.500 
2681017.750 2873289.250 3068473.500 3266571.250 3467581.750 3671505.750 3878343.250 4088093.500 4300757.000 4516333.500 4734823.500 4956227.000 5180543.000 5407773.000 5637915.500 
2912933.500 3121837.000 3333905.250 3549139.000 3767537.500 3989101.500 4213831.000 4441725.000 4672785.000 4907009.500 5144399.500 5384955.000 5628675.000 5875561.000 6125611.500 
3148530.000 3374329.500 3603549.750 3836191.500 4072254.000 4311738.000 4554643.500 4800969.500 5050717.500 5303886.000 5560476.000 5820487.500 6083919.500 6350773.500 6621048.000 
3387808.000 3630767.500 3877407.750 4127729.500 4381732.000 4639416.000 4900781.500 5165827.500 5434555.500 5706964.000 5983054.000 6262825.500 6546277.500 6833411.500 7124226.000 
3630767.500 3891151.000 4155479.250 4423753.000 4695971.500 4972135.500 5252245.000 5536299.000 5824299.000 6116243.500 6412133.500 6711969.000 7015749.000 7323475.000 7635145.500 
3877407.750 4155479.250 4437763.000 4724261.000 5014971.500 5309895.500 5609033.000 5912383.000 6219947.000 6531723.500 6847713.500 7167917.000 7492333.000 7820963.000 8153805.500 
4127729.500 4423753.000 4724261.000 5029255.000 5338733.500 5652697.500 5971147.000 6294081.000 6621501.000 6953405.500 7289795.500 7630671.000 7976031.000 8325877.000 8680207.000 
4381732.000 4695971.500 5014971.500 5338733.500 5667256.000 6000540.000 6338585.500 6681391.500 7028959.500 7381288.000 7738378.000 8100229.500 8466841.000 8838215.000 9214350.000 
4639416.000 4972135.500 5309895.500 5652697.500 6000540.000 6353424.000 6711349.500 7074315.500 7442323.500 7815372.000 8193462.000 8576592.000 8964765.000 9357978.000 9756234.000 
4900781.500 5252245.000 5609033.000 5971147.000 6338585.500 6711349.500 7089439.000 7472853.000 7861593.000 8255657.500 8655046.000 9059762.000 9469801.000 9885168.000 10305858.000 
5165827.500 5536299.000 5912383.000 6294081.000 6681391.500 7074315.500 7472853.000 7877003.000 8286767.000 8702143.000 9123133.000 9549735.000 9981952.000 10419781.000 10863225.000 
5434555.500 5824299.000 6219947.000 6621501.000 7028959.500 7442323.500 7861593.000 8286767.000 8717846.000 9154831.000 9597720.000 10046516.000 10501215.000 10961822.000 11428332.000 
5706964.000 6116243.500 6531723.500 6953405.500 7381288.000 7815372.000 8255657.500 8702143.000 9154831.000 9613720.000 10078810.000 10550100.000 11027593.000 11511286.000 12001182.000 
5983054.000 6412133.500 6847713.500 7289795.500 7738378.000 8193462.000 8655046.000 9123133.000 9597720.000 10078810.000 10566400.000 11060490.000 11561083.000 12068176.000 12581772.000 
6262825.500 6711969.000 7167917.000 7630671.000 8100229.500 8576592.000 9059762.000 9549735.000 10046516.000 10550100.000 11060490.000 11577686.000 12101685.000 12632492.000 13170102.000 
6546277.500 7015749.000 7492333.000 7976031.000 8466841.000 8964765.000 9469801.000 9981952.000 10501215.000 11027593.000 11561083.000 12101685.000 12649402.000 13204231.000 13766175.000 
6833411.500 7323475.000 7820963.000 8325877.000 8838215.000 9357978.000 9885168.000 10419781.000 10961822.000 11511286.000 12068176.000 12632492.000 13204231.000 13783398.000 14369988.000 
7124226.000 7635145.500 8153805.500 8680207.000 9214350.000 9756234.000 10305858.000 10863225.000 11428332.000 12001182.000 12581772.000 13170102.000 13766175.000 14369988.000 14981544.000 
7418722.000 7950761.500 8490861.000 9039022.000 9595246.000 10159530.000 10731874.000 11312281.000 11900748.000 12497278.000 13101868.000 13714518.000 14335231.000 14964004.000 15600840.000 
7716899.500 8270323.000 8832130.000 9402324.000 9980902.000 10567866.000 11163216.000 11766949.000 12379070.000 12999574.000 13628464.000 14265740.000 14911399.000 15565446.000 16227876.000 
8018757.500 8593829.000 9177612.000 9770109.000 10371321.000 10981245.000 11599881.000 12227232.000 12863295.000 13508073.000 14161563.000 14823765.000 15494682.000 16174312.000 16862658.000 
8324297.500 8921281.000 9527307.000 10142382.000 10766500.000 11399664.000 12041874.000 12693127.000 13353428.000 14022772.000 14701162.000 15388598.000 16085077.000 16790602.000 17505174.000 
8633518.000 9252676.000 9881217.000 10519138.000 11166442.000 11823126.000 12489190.000 13164637.000 13849464.000 14543674.000 15247264.000 15960234.000 16682587.000 17414320.000 18155436.000 
8946420.000 9588018.000 10239339.000 10900380.000 11571144.000 12251628.000 12941832.000 13641759.000 14351406.000 15070776.000 15799866.000 16538676.000 17287212.000 18045462.000 18813438.000 
9263002.000 9927306.000 10601673.000 11286108.000 11980606.000 12685170.000 13399800.000 14124493.000 14859254.000 15604078.000 16358968.000 17123922.000 17898946.000 18684028.000 19479180.000 
9583267.000 10270537.000 10968222.000 11676319.000 12394831.000 13123755.000 13863091.000 14612842.000 15373005.000 16143583.000 16924574.000 17715978.000 18517796.000 19330024.000 20152668.000 
9907212.000 10617716.000 11338983.000 12071018.000 12813816.000 13567380.000 14331710.000 15106803.000 15892664.000 16689288.000 17496678.000 18314832.000 19143756.000 19983438.000 20833890.000 
10234840.000 10968838.000 11713959.000 12470200.000 13237564.000 14016048.000 14805652.000 15606379.000 16418226.000 17241196.000 18075286.000 18920496.000 19776832.000 20644282.000 21522858.000 
10566148.000 11323906.000 12093147.000 12873868.000 13666072.000 14469756.000 15284920.000 16111567.000 16949694.000 17799304.000 18660394.000 19532964.000 20417020.000 21312550.000 22219566.000 
10901136.000 11682920.000 12476547.000 13282022.000 14099340.000 14928504.000 15769514.000 16622367.000 17487066.000 18363612.000 19252002.000 20152236.000 21064320.000 21988242.000 22924014.000 
11239807.000 12045877.000 12864162.000 13694659.000 14537371.000 15392295.000 16259431.000 17138784.000 18030348.000 18934126.000 19850116.000 20778318.000 21718736.000 22671364.000 23636208.000 
11582158.000 12412782.000 13255989.000 14111784.000 14980162.000 15861126.000 16754676.000 17660812.000 18579528.000 19510834.000 20454724.000 21411198.000 22380262.000 23361904.000 24356136.000 
11928192.000 12783630.000 13652031.000 14533392.000 15427716.000 16335000.000 17255244.000 18188454.000 19134618.000 20093748.000 21065838.000 22050888.000 23048904.000 24059874.000 25083810.000 
12277906.000 13158424.000 14052285.000 14959486.000 15880030.000 16813914.000 17761138.000 18721708.000 19695612.000 20682862.000 21683452.000 22697382.000 23724658.000 24765268.000 25819224.000 
12631300.000 13537164.000 14456751.000 15390066.000 16337104.000 17297868.000 18272356.000 19260574.000 20262510.000 21278176.000 22307566.000 23350680.000 24407524.000 25478086.000 26562378.000 
12988377.000 13919847.000 14865432.000 15825130.000 16798944.000 17786868.000 18788904.000 19805056.000 20835318.000 21879696.000 22938186.000 24010788.000 25097504.000 26198334.000 27313278.000 
13349134.000 14306478.000 15278325.000 16264680.000 17265538.000 18280902.000 19310770.000 20355148.000 21414024.000 22487410.000 23575300.000 24677694.000 25794598.000 26926000.000 28071912.000 
13713574.000 14697052.000 15695433.000 16708714.000 17736898.000 18779982.000 19837966.000 20910856.000 21998640.000 23101330.000 24218920.000 25351410.000 26498806.000 27661096.000 28838292.000 
14081694.000 15091572.000 16116753.000 17157234.000 18213018.000 19284102.000 20370486.000 21472176.000 22589160.000 23721450.000 24869040.000 26031930.000 27210126.000 28403616.000 29612412.000 
14453494.000 15490038.000 16542285.000 17610238.000 18693898.000 19793262.000 20908330.000 22039108.000 23185584.000 24347770.000 25525660.000 26719254.000 27928558.000 29153560.000 30394272.000 
14828977.000 15892447.000 16972034.000 18067732.000 19179544.000 20307468.000 21451504.000 22611656.000 23787918.000 24980296.000 26188786.000 27413388.000 28654104.000 29910934.000 31183878.000 
15208140.000 16298804.000 17405994.000 18529704.000 19669944.000 20826708.000 21999996.000 23189814.000 24396150.000 25619016.000 26858406.000 28114320.000 29386764.000 30675726.000 31981218.000 
15590986.000 16709104.000 17844168.000 18996166.000 20165110.000 21350994.000 22553818.000 23773588.000 25010292.000 26263942.000 27534532.000 28822062.000 30126538.000 31447948.000 32786304.000 
15977512.000 17123350.000 18286554.000 19467112.000 20665036.000 21880320.000 23112964.000 24362974.000 25630338.000 26915068.000 28217158.000 29536608.000 30873424.000 32227594.000 33599132.000 
16367718.000 17541540.000 18733152.000 19942542.000 21169722.000 22414686.000 23677434.000 24957972.000 26256288.000 27572394.000 28906284.000 30257958.000 31627422.000 33014666.000 34419700.000 
16761607.000 17963678.000 19183964.000 20422462.000 21679174.000 22954098.000 24247234.000 25558584.000 26888148.000 28235926.000 29601916.000 30986118.000 32388536.000 33809164.000 35248004.000 
17159176.000 18389758.000 19638990.000 20906860.000 22193380.000 23498544.000 24822352.000 26164810.000 27525906.000 28905652.000 30304042.000 31721076.000 33156760.000 34611088.000 36084056.000 
17560428.000 18819786.000 20098230.000 21395748.000 22712352.000 24048036.000 25402800.000 26776650.000 28169574.000 29581584.000 31012674.000 32462844.000 33932100.000 35420436.000 36927844.000 
17965360.000 19253758.000 20561682.000 21889120.000 23236084.000 24602568.000 25988572.000 27394102.000 28819146.000 30263716.000 31727806.000 33211416.000 34714552.000 36237208.000 37779376.000 
18373972.000 19691674.000 21029346.000 22386976.000 23764576.000 25162140.000 26579668.000 28017166.000 29474622.000 30952048.000 32449438.000 33966792.000 35504116.000 37061404.000 38638652.000 
18786270.000 20133540.000 21501224.000 22889322.000 24297834.000 25726758.000 27176094.000 28645844.000 30136008.000 31646584.000 33177574.000 34728972.000 36300792.000 37893024.000 39505664.000 
19202242.000 20579344.000 21977316.000 23396146.000 24835846.000 26296410.000 27777838.000 29280136.000 30803292.000 32347318.000 33912212.000 35497968.000 37104592.000 38732076.000 40380424.000 
19621900.000 21029098.000 22457622.000 23907460.000 25378624.000 26871108.000 28384912.000 29920042.000 31476486.000 33054256.000 34653348.000 36273756.000 37915492.000 39578548.000 41262920.000 
20045238.000 21482796.000 22942140.000 24423258.000 25926162.000 27450846.000 28997310.000 30565560.000 32155584.000 33767396.000 35400988.000 37056356.000 38733508.000 40432444.000 42153156.000 
20472256.000 21940438.000 23430870.000 24943540.000 26478460.000 28035624.000 29615032.000 31216690.000 32840586.000 34486732.000 36155124.000 37845756.000 39558640.000 41293768.000 43051136.000 
20902960.000 22402030.000 23923816.000 25468312.000 27035524.000 28625448.000 30238084.000 31873436.000 33531498.000 35212276.000 36915764.000 38641968.000 40390888.000 42162520.000 43956856.000 
21337338.000 22867560.000 24420972.000 25997562.000 27597342.000 29220306.000 30866454.000 32535792.000 34228312.000 35944020.000 37682908.000 39444984.000 41230248.000 43038696.000 44870320.000 
21775402.000 23337040.000 24922344.000 26531302.000 28163926.000 29820210.000 31500154.000 33203762.000 34931032.000 36681960.000 38456548.000 40254800.000 42076712.000 43922288.000 45791524.000 
22217146.000 23810464.000 25427928.000 27069526.000 28735270.000 30425154.000 32139178.000 33877344.000 35639656.000 37426104.000 39236692.000 41071424.000 42930296.000 44813312.000 46720468.000 
22662570.000 24287832.000 25937724.000 27612234.000 29311374.000 31035138.000 32783526.000 34556544.000 36354188.000 38176452.000 40023340.000 41894856.000 43791000.000 45711768.000 47657152.000 
23111680.000 24769150.000 26451736.000 28159432.000 29892244.000 31650168.000 33433204.000 35241352.000 37074624.000 38932996.000 40816484.000 42725088.000 44658808.000 46617640.000 48601576.000 
23564464.000 25254406.000 26969958.000 28711108.000 30477868.000 32270232.000 34088200.000 35931772.000 37800960.000 39695740.000 41616132.000 43562124.000 45533728.000 47530936.000 49553744.000 
24020934.000 25743612.000 27492396.000 29267274.000 31068258.000 32895342.000 34748524.000 36627812.000 38533200.000 40464692.000 42422284.000 44405972.000 46415764.000 48451660.000 50513652.000 
24481084.000 26236762.000 28019046.000 29827924.000 31663408.000 33525492.000 35414176.000 37329460.000 39271356.000 41239840.000 43234932.000 45256620.000 47304916.000 49379812.000 51481304.000 
24944914.000 26733856.000 28549908.000 30393058.000 32263318.000 34160688.000 36085156.000 38036728.000 40015408.000 42021196.000 44054080.000 46114080.000 48201184.000 50315388.000 52456696.000 
25412430.000 27234900.000 29084984.000 30962682.000 32867992.000 34800912.000 36761448.000 38749604.000 40765368.000 42808740.000 44879732.000 46978332.000 49104552.000 51258384.000 53439824.000 
25883620.000 27739882.000 29624274.000 31536784.000 33477424.000 35446188.000 37443076.000 39468088.000 41521236.000 43602496.000 45711884.000 47849400.000 50015044.000 52208812.000 54430700.000 
26358496.000 28248814.000 30167778.000 32115376.000 34091620.000 36096504.000 38130028.000 40192192.000 42283008.000 44402452.000 46550544.000 48727272.000 50932648.000 53166664.000 55429312.000 
26837052.000 28761690.000 30715494.000 32698452.000 34710576.000 36751860.000 38822304.000 40921908.000 43050684.000 45208608.000 47395700.000 49611948.000 51857364.000 54131940.000 56435668.000 
27319288.000 29278510.000 31267422.000 33286012.000 35334292.000 37412256.000 39519904.000 41657236.000 43824264.000 46020964.000 48247356.000 50503428.000 52789192.000 55104640.000 57449768.000 
27805210.000 29799280.000 31823564.000 33878056.000 35962768.000 38077692.000 40222828.000 42398180.000 44603748.000 46839524.000 49105516.000 51401712.000 53728132.000 56084764.000 58471604.000 
28294806.000 30323988.000 32383920.000 34474596.000 36596016.000 38748180.000 40931088.000 43144740.000 45389144.000 47664288.000 49970176.000 52306812.000 54674192.000 57072320.000 59501188.000 
28788088.000 30852646.000 32948488.000 35075608.000 37234012.000 39423696.000 41644660.000 43896904.000 46180440.000 48495244.000 50841336.000 53218704.000 55627360.000 58067296.000 60538508.000 
29285050.000 31385248.000 33517270.000 35681112.000 37876772.000 40104256.000 42363564.000 44654688.000 46977640.000 49332408.000 51718996.000 54137408.000 56587640.000 59069696.000 61583568.000 
29785692.000 31921794.000 34090260.000 36291096.000 38524296.000 40789860.000 43087788.000 45418080.000 47780748.000 50175768.000 52603160.000 55062912.000 57555036.000 60079524.000 62636372.000 
30290020.000 32462290.000 34667472.000 36905572.000 39176584.000 41480508.000 43817344.000 46187092.000 48589764.000 51025336.000 53493828.000 55995228.000 58529548.000 61096780.000 63696916.000 
30798022.000 33006724.000 35248896.000 37524532.000 39833632.000 42176196.000 44552224.000 46961716.000 49404680.000 51881104.000 54390992.000 56934348.000 59511168.000 62121456.000 64765204.000 
31309710.000 33555108.000 35834528.000 38147972.000 40495436.000 42876920.000 45292420.000 47741948.000 50225496.000 52743068.000 55294660.000 57880268.000 60499900.000 63153556.000 65841228.000 
31825078.000 34107436.000 36424380.000 38775900.000 41162004.000 43582688.000 46037948.000 48527796.000 51052224.000 53611236.000 56204828.000 58832996.000 61495748.000 64193084.000 66925000.000 
32344126.000 34663712.000 37018440.000 39408316.000 41833336.000 44293500.000 46788808.000 49319260.000 51884864.000 54485608.000 57121496.000 59792532.000 62498712.000 65240040.000 68016504.000 
32866860.000 35223932.000 37616712.000 40045212.000 42509424.000 45009348.000 47544984.000 50116332.000 52723404.000 55366176.000 58044668.000 60758868.000 63508788.000 66294420.000 69115752.000 
33393268.000 35788096.000 38219196.000 40686592.000 43190272.000 45730236.000 48306484.000 50919016.000 53567844.000 56252944.000 58974336.000 61732008.000 64525972.000 67356224.000 70222760.000 
33923364.000 36356204.000 38825900.000 41332464.000 43875884.000 46456168.000 49073316.000 51727320.000 54418192.000 57145920.000 59910508.000 62711960.000 65550276.000 68425456.000 71337488.000 
34457136.000 36928256.000 39436812.000 41982816.000 44566260.000 47187144.000 49845468.000 52541232.000 55274448.000 58045092.000 60853184.000 63698712.000 66581688.000 69502104.000 72459960.000 
34994592.000 37504256.000 40051944.000 42637660.000 45261400.000 47923164.000 50622952.000 53360764.000 56136608.000 58950472.000 61802360.000 64692272.000 67620208.000 70586176.000 73590168.000 
35498556.000 38044364.000 40628736.000 43251688.000 45913212.000 48613308.000 51351976.000 54129216.000 56945036.000 59799424.000 62692384.000 65623920.000 68594032.000 71602712.000 74649968.000 
35114052.000 37632272.000 40188636.000 42783164.000 45415848.000 48086680.000 50795672.000 53542816.000 56328120.000 59151572.000 62013184.000 64912948.000 67850872.000 70826944.000 73841176.000 
27520600.000 29494204.000 31497708.000 33531120.000 35594432.000 37687648.000 39810768.000 41963788.000 44146716.000 46359544.000 48602272.000 50874908.000 53177448.000 55509892.000 57872232.000 
