10109.016 20369.914 30826.689 41484.355 52343.105 63402.945 74663.875 86125.891 97789.000 109653.188 121718.469 133984.828 146452.312 159120.828 171990.484 
20369.914 41045.836 62116.430 83591.812 105472.398 127758.180 150449.172 173545.328 197046.703 220953.266 245265.016 269981.969 295104.125 320631.469 346564.000 
30826.689 62116.430 94003.453 126503.039 159615.844 193341.844 227681.047 262633.469 298199.031 334377.844 371169.844 408575.031 446593.438 485225.031 524469.875 
41484.355 83591.812 126503.039 170238.656 214799.438 260185.438 306396.625 353433.031 401294.625 449981.438 499493.438 549830.625 600993.062 652980.625 705793.438 
52343.105 105472.398 159615.844 214799.438 271024.250 328290.250 386597.406 445945.844 506335.438 567766.250 630238.250 693751.438 758305.812 823901.438 890538.250 
63402.945 127758.180 193341.844 260185.438 328290.250 397656.250 468283.438 540171.812 613321.438 687732.250 763404.250 840337.438 918531.812 997987.438 1078704.250 
74663.875 150449.172 227681.047 306396.625 386597.406 468283.438 551454.625 636111.062 722252.625 809879.438 898991.438 989588.625 1081671.000 1175238.750 1270291.375 
86125.891 173545.328 262633.469 353433.031 445945.844 540171.812 636111.062 733763.375 833129.062 934207.812 1036999.812 1141505.000 1247723.500 1355655.000 1465299.750 
97789.000 197046.703 298199.031 401294.625 506335.438 613321.438 722252.625 833129.062 945950.625 1060717.375 1177429.375 1296086.750 1416689.000 1539236.750 1663729.375 
109653.188 220953.266 334377.844 449981.438 567766.250 687732.250 809879.438 934207.812 1060717.375 1189408.250 1320280.250 1453333.375 1588567.750 1725983.375 1865580.250 
121718.469 245265.016 371169.844 499493.438 630238.250 763404.250 898991.438 1036999.812 1177429.375 1320280.250 1465552.250 1613245.375 1763359.750 1915895.500 2070852.250 
133984.828 269981.969 408575.031 549830.625 693751.438 840337.438 989588.625 1141505.000 1296086.750 1453333.375 1613245.375 1775822.750 1941065.125 2108973.000 2279545.500 
146452.312 295104.125 446593.438 600993.062 758305.812 918531.812 1081671.000 1247723.500 1416689.000 1588567.750 1763359.750 1941065.125 2121683.500 2305215.250 2491659.750 
159120.828 320631.469 485225.031 652980.625 823901.438 997987.438 1175238.750 1355655.000 1539236.750 1725983.375 1915895.500 2108973.000 2305215.250 2504623.000 2707195.500 
171990.484 346564.000 524469.812 705793.438 890538.250 1078704.250 1270291.375 1465299.750 1663729.375 1865580.250 2070852.250 2279545.500 2491659.750 2707195.500 2926152.000 
185061.188 372901.750 564327.812 759431.438 958216.250 1160682.250 1366829.375 1576657.750 1790167.375 2007358.250 2228230.000 2452783.500 2681017.750 2912933.500 3148530.000 
198333.000 399644.688 604799.062 813894.625 1026935.375 1243921.375 1464852.750 1689729.000 1918550.750 2151317.500 2388029.500 2628687.000 2873289.250 3121837.000 3374329.500 
211805.906 426792.812 645883.375 869183.062 1096695.750 1328421.750 1564361.000 1804513.500 2048879.125 2297457.750 2550249.750 2807255.250 3068473.500 3333905.250 3603549.750 
225479.875 454346.156 687581.062 925296.625 1167497.375 1414183.375 1665354.750 1921011.125 2181153.000 2445779.500 2714891.500 2988489.000 3266571.250 3549139.000 3836191.500 
239354.953 482304.656 729891.812 982235.438 1239340.250 1501206.250 1767833.375 2039221.875 2315371.500 2596282.000 2881954.000 3172387.500 3467581.750 3767537.500 4072254.000 
253431.109 510668.375 772815.812 1039999.438 1312224.250 1589490.250 1871797.375 2159145.750 2451535.500 2748966.000 3051438.000 3358951.500 3671505.750 3989101.500 4311738.000 
267708.312 539437.312 816353.062 1098588.750 1386149.375 1679035.375 1977246.750 2280783.250 2589645.000 2903831.500 3223343.500 3548181.000 3878343.250 4213831.000 4554643.500 
282186.688 568611.438 860503.375 1158003.000 1461115.750 1769841.750 2084181.125 2404133.500 2729699.250 3060877.750 3397669.750 3740075.250 4088093.500 4441725.000 4800969.500 
296866.094 598190.688 905267.062 1218242.750 1537123.375 1861909.500 2192601.000 2529197.250 2871699.000 3220105.500 3574417.500 3934635.000 4300757.000 4672785.000 5050717.500 
311746.594 628175.250 950643.812 1279307.375 1614172.250 1955238.250 2302505.500 2655973.750 3015643.500 3381514.000 3753586.000 4131859.500 4516333.500 4907009.500 5303886.000 
326828.188 658564.938 996633.812 1341197.375 1692262.250 2049828.250 2413895.500 2784463.750 3161533.500 3545104.000 3935176.000 4331749.500 4734823.500 5144399.500 5560476.000 
342110.906 689359.812 1043237.062 1403912.750 1771393.500 2145679.500 2526771.000 2914667.250 3309369.000 3710875.500 4119187.500 4534305.000 4956227.000 5384955.000 5820487.500 
357594.688 720559.938 1090453.500 1467453.000 1851565.875 2242791.750 2641131.250 3046583.500 3459149.250 3878827.750 4305620.000 4739525.000 5180543.000 5628675.000 6083919.500 
373279.531 752165.188 1138283.000 1531818.750 1932779.500 2341165.500 2756977.000 3180213.250 3610875.000 4048961.500 4494473.500 4947411.000 5407773.000 5875561.000 6350773.500 
389165.500 784175.688 1186725.750 1597009.375 2015034.250 2440800.000 2874307.500 3315555.750 3764545.500 4221276.000 4685748.000 5157961.500 5637915.500 6125611.500 6621048.000 
405252.531 816591.375 1235781.750 1663025.375 2098330.000 2541696.000 2993123.500 3452611.750 3920161.500 4395772.000 4879444.000 5371177.500 5870971.500 6378827.500 6894744.000 
421540.656 849412.250 1285451.000 1729866.750 2182667.500 2643853.500 3113425.000 3591381.250 4077723.000 4572449.500 5075561.500 5587059.000 6106941.000 6635209.000 7171861.500 
438029.906 882638.312 1335733.500 1797533.000 2268045.750 2747271.750 3235211.250 3731863.500 4237229.000 4751307.500 5274099.500 5805605.000 6345823.000 6894755.000 7452399.500 
454720.188 916269.562 1386629.000 1866024.750 2354465.500 2851951.500 3358483.000 3874059.250 4398681.000 4932347.500 5475059.500 6026817.000 6587619.000 7157467.000 7736359.500 
471611.562 950306.062 1438137.750 1935341.375 2441926.000 2957892.000 3483239.500 4017967.750 4562077.500 5115568.000 5678440.000 6250693.500 6832327.500 7423343.500 8023740.000 
488704.062 984747.750 1490259.750 2005483.375 2530428.000 3065094.000 3609481.500 4163589.750 4727419.500 5300970.000 5884242.000 6477235.500 7079949.500 7692385.500 8314542.000 
505997.625 1019594.562 1542995.000 2076450.750 2619971.500 3173557.500 3737209.000 4310925.000 4894707.000 5488553.500 6092465.500 6706443.000 7330485.000 7964593.000 8608765.000 
523492.281 1054846.625 1596343.500 2148243.250 2710555.750 3283281.750 3866421.250 4459973.000 5063939.000 5678317.500 6303109.500 6938315.000 7583933.000 8239965.000 8906409.000 
541188.062 1090504.000 1650305.125 2220861.000 2802181.500 3394267.500 3997119.000 4610735.000 5235117.000 5870263.500 6516175.500 7172853.000 7840295.000 8518502.000 9207475.000 
559084.812 1126566.250 1704879.875 2294303.500 2894848.000 3506514.000 4129301.500 4763209.500 5408239.500 6064390.000 6731662.000 7410055.500 8099569.500 8800205.000 9511962.000 
577182.812 1163033.875 1760067.875 2368571.500 2988556.000 3620022.000 4262969.500 4917397.500 5583307.500 6260698.000 6949570.000 7649923.500 8361757.500 9085072.000 9819870.000 
595481.812 1199906.875 1815869.125 2443665.000 3083305.500 3734791.500 4398123.000 5073299.000 5760321.000 6459187.500 7169899.500 7892457.000 8626858.000 9373106.000 10131198.000 
613981.875 1237184.875 1872283.500 2519583.250 3179095.750 3850821.750 4534761.000 5230913.000 5939279.000 6659857.500 7392649.500 8137654.500 8894872.000 9664303.000 10445949.000 
632683.062 1274868.125 1929311.125 2596327.000 3275927.500 3968113.500 4672885.000 5390241.000 6120183.000 6862709.500 7617821.500 8385519.000 9165800.000 9958668.000 10764120.000 
651585.312 1312956.375 1986951.875 2673895.500 3373800.000 4086666.000 4812493.500 5551281.500 6303031.500 7067742.000 7845414.000 8636047.000 9439641.000 10256196.000 11085714.000 
670688.688 1351450.000 2045205.875 2752289.500 3472714.000 4206480.000 4953587.500 5714035.500 6487825.500 7274956.000 8075428.000 8889240.000 9716395.000 10556890.000 11410728.000 
689993.125 1390349.000 2104073.250 2831509.000 3572669.500 4327555.500 5096167.000 5878503.000 6674565.000 7484351.500 8307863.500 9145100.000 9996061.000 10860750.000 11739162.000 
709498.688 1429653.000 2163553.500 2911553.250 3673665.750 4449892.000 5240231.000 6044683.000 6863249.000 7695927.500 8542719.000 9403623.000 10278642.000 11167773.000 12071019.000 
729205.312 1469362.250 2223647.250 2992423.000 3775703.500 4573489.500 5385781.000 6212577.000 7053879.000 7909685.500 8779996.000 9664814.000 10564135.000 11477964.000 12406296.000 
749113.062 1509476.500 2284353.750 3074117.500 3878782.000 4698348.000 5532815.500 6382183.500 7246453.500 8125624.000 9019696.000 9928668.000 10852543.000 11791318.000 12744996.000 
769221.812 1549996.000 2345673.750 3156637.500 3982902.000 4824468.000 5681335.500 6553503.500 7440973.500 8343744.000 9261816.000 10195188.000 11143863.000 12107838.000 13087116.000 
789531.688 1590921.000 2407607.250 3239983.000 4088063.500 4951849.500 5831341.000 6726537.000 7637439.000 8564045.000 9506356.000 10464374.000 11438095.000 12427524.000 13432656.000 
810042.688 1632251.000 2470153.500 3324153.250 4194265.750 5080492.000 5982831.000 6901283.000 7835849.000 8786527.000 9753319.000 10736223.000 11735242.000 12750373.000 13781619.000 
830754.750 1673986.250 2533313.250 3409149.000 4301509.500 5210395.500 6135807.000 7077743.000 8036205.000 9011191.000 10002702.000 11010740.000 12035301.000 13076390.000 14134002.000 
851667.875 1716126.375 2597085.750 3494969.500 4409794.000 5341560.000 6290267.500 7255915.500 8238505.500 9238036.000 10254508.000 11287920.000 12338275.000 13405570.000 14489808.000 
872782.125 1758672.000 2661471.750 3581615.500 4519120.000 5473986.000 6446213.500 7435801.500 8442751.000 9467062.000 10508734.000 11567766.000 12644161.000 13737916.000 14849034.000 
894097.500 1801623.000 2726471.250 3669087.000 4629487.500 5607673.500 6603645.000 7617400.500 8648942.000 9698268.000 10765380.000 11850278.000 12952959.000 14073428.000 15211680.000 
915613.875 1844978.875 2792083.500 3757383.250 4740896.000 5742621.500 6762560.500 7800713.000 8857078.000 9931657.000 11024449.000 12135453.000 13264672.000 14412103.000 15577749.000 
937331.375 1888740.125 2858309.250 3846505.000 4853345.500 5878831.500 6922963.000 7985738.500 9067160.000 10167226.000 11285938.000 12423296.000 13579297.000 14753946.000 15947238.000 
959250.000 1932906.250 2925147.750 3936451.500 4966836.000 6016302.000 7084849.500 8172477.500 9279186.000 10404978.000 11549850.000 12713802.000 13896837.000 15098952.000 16320150.000 
981369.625 1977477.875 2992599.750 4027223.500 5081368.000 6155034.000 7248221.500 8360929.500 9493158.000 10644910.000 11816182.000 13006974.000 14217289.000 15447124.000 16696482.000 
1003690.438 2022454.750 3060665.250 4118821.000 5196941.500 6295027.500 7413079.000 8551094.000 9709076.000 10887022.000 12084934.000 13302812.000 14540653.000 15798462.000 17076234.000 
1026212.312 2067836.750 3129343.500 4211243.000 5313555.500 6436281.500 7579420.500 8742972.000 9926937.000 11131317.000 12356109.000 13601313.000 14866932.000 16152964.000 17459410.000 
1048935.250 2113624.000 3198635.250 4304491.000 5431211.500 6578797.500 7747249.000 8936564.000 10146746.000 11377792.000 12629704.000 13902482.000 15196123.000 16510632.000 17846004.000 
1071859.375 2159816.250 3268539.750 4398563.500 5549908.000 6722574.000 7916561.500 9131869.000 10368498.000 11626450.000 12905722.000 14206314.000 15528229.000 16871464.000 18236022.000 
1094984.375 2206413.750 3339057.750 4493461.500 5669646.000 6867612.000 8087359.500 9328887.000 10592196.000 11877288.000 13184160.000 14512812.000 15863247.000 17235462.000 18629460.000 
1118310.625 2253416.750 3410189.250 4589185.000 5790425.500 7013911.500 8259643.000 9527618.000 10817840.000 12130306.000 13465018.000 14821976.000 16201177.000 17602624.000 19026318.000 
1141838.000 2300824.500 3481933.500 4685733.000 5912245.500 7161471.500 8433411.000 9728062.000 11045427.000 12385507.000 13748299.000 15133803.000 16542022.000 17972956.000 19426602.000 
1165566.375 2348637.750 3554291.250 4783107.000 6035107.500 7310293.500 8608665.000 9930219.000 11274962.000 12642888.000 14034000.000 15448298.000 16885782.000 18346446.000 19830300.000 
1189495.750 2396856.000 3627261.750 4881305.500 6159010.000 7460376.000 8785402.000 10134091.000 11506440.000 12902452.000 14322124.000 15765456.000 17232454.000 18723106.000 20237424.000 
1213626.375 2445479.500 3700845.750 4980329.500 6283954.000 7611720.000 8963626.000 10339675.000 11739864.000 13164196.000 14612668.000 16085280.000 17582038.000 19102930.000 20647968.000 
1237958.000 2494508.250 3775043.250 5080179.000 6409939.500 7764325.500 9143336.000 10546971.000 11975234.000 13428120.000 14905632.000 16407770.000 17934534.000 19485918.000 21061932.000 
1262490.750 2543942.250 3849853.500 5180853.000 6536965.500 7918191.000 9324530.000 10755982.000 12212547.000 13694227.000 15201019.000 16732924.000 18289944.000 19872076.000 21479322.000 
1287224.500 2593781.250 3925277.250 5282353.000 6665033.500 8073319.500 9507210.000 10966705.000 12451808.000 13962514.000 15498826.000 17060742.000 18648268.000 20261392.000 21900126.000 
1312159.375 2644025.500 4001313.750 5384677.500 6794142.000 8229708.000 9691374.000 11179143.000 12693012.000 14232984.000 15799056.000 17391228.000 19009506.000 20653878.000 22324356.000 
1337295.375 2694675.000 4077963.750 5487827.500 6924292.000 8387358.000 9877024.000 11393293.000 12936162.000 14505634.000 16101706.000 17724378.000 19373656.000 21049528.000 22752006.000 
1362632.500 2745729.750 4155227.250 5591803.000 7055483.500 8546268.000 10064160.000 11609155.000 13181258.000 14780464.000 16406776.000 18060192.000 19740718.000 21448342.000 23183076.000 
1388170.750 2797189.750 4233103.000 5696603.000 7187715.500 8706441.000 10252779.000 11826732.000 13428297.000 15057477.000 16714269.000 18398676.000 20110696.000 21850326.000 23617572.000 
1413910.000 2849054.750 4311593.000 5802229.000 7320989.500 8867874.000 10442886.000 12046021.000 13677284.000 15336670.000 17024182.000 18739818.000 20483584.000 22255468.000 24055482.000 
1439850.375 2901324.750 4390695.500 5908679.500 7455304.000 9030570.000 10634476.000 12267025.000 13928214.000 15618046.000 17336518.000 19083630.000 20859388.000 22663780.000 24496818.000 
1465991.750 2954000.250 4470411.500 6015955.500 7590660.000 9194526.000 10827552.000 12489741.000 14181090.000 15901602.000 17651274.000 19430106.000 21238104.000 23075256.000 24941574.000 
1492334.375 3007081.250 4550741.000 6124057.000 7727057.500 9359742.000 11022114.000 12714169.000 14435912.000 16187338.000 17968450.000 19779246.000 21619732.000 23489896.000 25389750.000 
1518878.000 3060567.000 4631683.000 6232983.000 7864495.500 9526221.000 11218159.000 12940312.000 14692677.000 16475257.000 18288050.000 20131056.000 22004276.000 23907706.000 25841352.000 
1545622.625 3114458.250 4713239.000 6342735.000 8002975.500 9693960.000 11415692.000 13168167.000 14951390.000 16765356.000 18610068.000 20485524.000 22391730.000 24328674.000 26296368.000 
1572568.375 3168754.250 4795407.500 6453311.500 8142496.000 9862962.000 11614708.000 13397737.000 15212046.000 17057638.000 18934510.000 20842662.000 22782100.000 24752812.000 26754810.000 
1599715.375 3223455.750 4878189.500 6564713.500 8283058.000 10033224.000 11815210.000 13629019.000 15474648.000 17352100.000 19261372.000 21202464.000 23175382.000 25180114.000 27216672.000 
1627063.375 3278562.500 4961585.000 6676941.000 8424661.000 10204746.000 12017198.000 13862013.000 15739196.000 17648742.000 19590654.000 21564930.000 23571576.000 25610580.000 27681954.000 
1654612.375 3334074.250 5045593.000 6789993.000 8567305.000 10377531.000 12220669.000 14096722.000 16005688.000 17947570.000 19922362.000 21930066.000 23970684.000 26044216.000 28150662.000 
1682362.500 3389991.500 5130215.000 6903871.000 8710991.000 10551576.000 12425628.000 14333143.000 16274126.000 18248572.000 20256484.000 22297860.000 24372706.000 26481010.000 28622784.000 
1710313.750 3446313.500 5215449.500 7018573.500 8855718.000 10726884.000 12632070.000 14571279.000 16544508.000 18551760.000 20593032.000 22668324.000 24777642.000 26920974.000 29098332.000 
1738466.000 3503041.000 5301297.500 7134101.500 9001486.000 10903452.000 12839998.000 14811127.000 16816836.000 18857128.000 20932000.000 23041452.000 25185490.000 27364102.000 29577300.000 
1766819.375 3560173.750 5387759.000 7250455.000 9148295.000 11081280.000 13049412.000 15052687.000 17091108.000 19164676.000 21273388.000 23417244.000 25596250.000 27810394.000 30059688.000 
1795374.000 3617711.500 5474833.000 7367633.000 9296145.000 11260371.000 13260309.000 15295962.000 17367330.000 19474410.000 21617202.000 23795706.000 26009924.000 28259856.000 30545502.000 
1824129.500 3675654.500 5562521.000 7485637.000 9445037.000 11440722.000 13472694.000 15540949.000 17645490.000 19786318.000 21963430.000 24176826.000 26426512.000 28712476.000 31034730.000 
1853086.125 3734002.750 5650821.500 7604465.500 9594970.000 11622336.000 13686562.000 15787651.000 17925600.000 20100412.000 22312084.000 24560616.000 26846014.000 29168266.000 31527384.000 
1882243.875 3792756.000 5739735.500 7724119.500 9745944.000 11805210.000 13901916.000 16036065.000 18207654.000 20416686.000 22663158.000 24947070.000 27268428.000 29627220.000 32023458.000 
1911602.875 3851914.750 5829263.000 7844599.000 9897959.000 11989344.000 14118756.000 16286191.000 18491652.000 20735140.000 23016652.000 25336188.000 27693754.000 30089338.000 32522952.000 
1939142.750 3907398.250 5913222.000 7957580.500 10040511.000 12162015.000 14322091.000 16520741.000 18757966.000 21033762.000 23348130.000 25701070.000 28092584.000 30522670.000 32991328.000 
1918282.375 3865235.500 5849323.500 7871528.500 9931886.000 12030400.000 14167069.000 16341892.000 18554870.000 20806004.000 23095292.000 25422732.000 27788332.000 30192082.000 32633990.000 
1503919.750 3029930.750 4584931.000 6169795.000 7784562.000 9429231.000 11103804.000 12808280.000 14542659.000 16306941.000 18101126.000 19925216.000 21779206.000 23663102.000 25576898.000 
