937331.375 959250.000 981369.625 1003690.438 1026212.312 1048935.375 1071859.375 1094984.375 1118310.625 1141838.000 1165566.375 1189495.750 1213626.375 1237958.000 
1888740.125 1932906.250 1977477.875 2022454.750 2067836.750 2113624.000 2159816.250 2206413.750 2253416.750 2300824.500 2348637.750 2396856.000 2445479.500 2494508.250 
2858309.250 2925147.750 2992599.750 3060665.250 3129343.500 3198635.250 3268539.750 3339057.750 3410189.250 3481933.500 3554291.250 3627261.750 3700845.750 3775043.250 
3846505.000 3936451.500 4027223.500 4118821.000 4211243.000 4304491.000 4398563.500 4493461.500 4589185.000 4685733.000 4783107.000 4881305.500 4980329.500 5080179.000 
4853345.500 4966836.000 5081368.000 5196941.500 5313555.500 5431211.500 5549908.000 5669646.000 5790425.500 5912245.500 6035107.500 6159010.000 6283954.000 6409939.500 
5878831.500 6016302.000 6155034.000 6295027.500 6436281.500 6578797.500 6722574.000 6867612.000 7013911.500 7161471.500 7310293.500 7460376.000 7611720.000 7764325.500 
6922963.000 7084849.500 7248221.500 7413079.000 7579420.500 7747249.000 7916561.500 8087359.500 8259643.000 8433411.000 8608665.000 8785402.000 8963626.000 9143336.000 
7985738.500 8172477.500 8360929.500 8551094.000 8742972.000 8936564.000 9131869.000 9328887.000 9527618.000 9728062.000 9930219.000 10134091.000 10339675.000 10546971.000 
9067160.000 9279186.000 9493158.000 9709076.000 9926937.000 10146746.000 10368498.000 10592196.000 10817840.000 11045427.000 11274962.000 11506440.000 11739864.000 11975234.000 
10167226.000 10404978.000 10644910.000 10887022.000 11131317.000 11377792.000 11626450.000 11877288.000 12130306.000 12385507.000 12642888.000 12902452.000 13164196.000 13428120.000 
11285938.000 11549850.000 11816182.000 12084934.000 12356109.000 12629704.000 12905722.000 13184160.000 13465018.000 13748299.000 14034000.000 14322124.000 14612668.000 14905632.000 
12423296.000 12713802.000 13006974.000 13302812.000 13601313.000 13902482.000 14206314.000 14512812.000 14821976.000 15133803.000 15448298.000 15765456.000 16085280.000 16407770.000 
13579297.000 13896837.000 14217289.000 14540653.000 14866932.000 15196123.000 15528229.000 15863247.000 16201177.000 16542022.000 16885782.000 17232454.000 17582038.000 17934534.000 
14753946.000 15098952.000 15447124.000 15798462.000 16152964.000 16510632.000 16871464.000 17235462.000 17602624.000 17972956.000 18346446.000 18723106.000 19102930.000 19485918.000 
15947238.000 16320150.000 16696482.000 17076234.000 17459410.000 17846004.000 18236022.000 18629460.000 19026318.000 19426602.000 19830300.000 20237424.000 20647968.000 21061932.000 
17159176.000 17560428.000 17965360.000 18373972.000 18786270.000 19202242.000 19621900.000 20045238.000 20472256.000 20902960.000 21337338.000 21775402.000 22217146.000 22662570.000 
18389758.000 18819786.000 19253758.000 19691674.000 20133540.000 20579344.000 21029098.000 21482796.000 21940438.000 22402030.000 22867560.000 23337040.000 23810464.000 24287832.000 
19638990.000 20098230.000 20561682.000 21029346.000 21501224.000 21977316.000 22457622.000 22942140.000 23430870.000 23923816.000 24420972.000 24922344.000 25427928.000 25937724.000 
20906860.000 21395748.000 21889120.000 22386976.000 22889322.000 23396146.000 23907460.000 24423258.000 24943540.000 25468312.000 25997562.000 26531302.000 27069526.000 27612234.000 
22193380.000 22712352.000 23236084.000 23764576.000 24297834.000 24835846.000 25378624.000 25926162.000 26478460.000 27035524.000 27597342.000 28163926.000 28735270.000 29311374.000 
23498544.000 24048036.000 24602568.000 25162140.000 25726758.000 26296410.000 26871108.000 27450846.000 28035624.000 28625448.000 29220306.000 29820210.000 30425154.000 31035138.000 
24822352.000 25402800.000 25988572.000 26579668.000 27176094.000 27777838.000 28384912.000 28997310.000 29615032.000 30238084.000 30866454.000 31500154.000 32139178.000 32783526.000 
26164810.000 26776650.000 27394102.000 28017166.000 28645844.000 29280136.000 29920042.000 30565560.000 31216690.000 31873436.000 32535792.000 33203762.000 33877344.000 34556544.000 
27525906.000 28169574.000 28819146.000 29474622.000 30136008.000 30803292.000 31476486.000 32155584.000 32840586.000 33531498.000 34228312.000 34931032.000 35639656.000 36354188.000 
28905652.000 29581584.000 30263716.000 30952048.000 31646584.000 32347318.000 33054256.000 33767396.000 34486732.000 35212276.000 35944020.000 36681960.000 37426104.000 38176452.000 
30304042.000 31012674.000 31727806.000 32449438.000 33177574.000 33912212.000 34653348.000 35400988.000 36155124.000 36915764.000 37682908.000 38456548.000 39236692.000 40023340.000 
31721076.000 32462844.000 33211416.000 33966792.000 34728972.000 35497968.000 36273756.000 37056356.000 37845756.000 38641968.000 39444984.000 40254800.000 41071424.000 41894856.000 
33156760.000 33932100.000 34714552.000 35504116.000 36300792.000 37104592.000 37915492.000 38733508.000 39558640.000 40390888.000 41230248.000 42076712.000 42930296.000 43791000.000 
34611088.000 35420436.000 36237208.000 37061404.000 37893024.000 38732076.000 39578548.000 40432444.000 41293768.000 42162520.000 43038696.000 43922288.000 44813312.000 45711768.000 
36084056.000 36927844.000 37779376.000 38638652.000 39505664.000 40380424.000 41262920.000 42153156.000 43051136.000 43956856.000 44870320.000 45791524.000 46720468.000 47657152.000 
37575672.000 38454340.000 39341072.000 40235868.000 41138720.000 42049640.000 42968616.000 43895652.000 44830752.000 45773912.000 46725136.000 47684420.000 48651764.000 49627168.000 
39085936.000 39999924.000 40922296.000 41853052.000 42792192.000 43739724.000 44695636.000 45659932.000 46632616.000 47613688.000 48603144.000 49600976.000 50607200.000 51621816.000 
40614840.000 41564580.000 42523032.000 43490196.000 44466072.000 45450672.000 46443972.000 47445988.000 48456720.000 49476168.000 50504328.000 51541192.000 52586776.000 53641080.000 
42162388.000 43148316.000 44143288.000 45147304.000 46160364.000 47182480.000 48213628.000 49253828.000 50303068.000 51361360.000 52428696.000 53505072.000 54590496.000 55684968.000 
43728588.000 44751140.000 45783072.000 46824380.000 47875076.000 48935152.000 50004612.000 51083452.000 52171668.000 53269268.000 54376252.000 55492612.000 56618356.000 57753484.000 
45313428.000 46373040.000 47442372.000 48521424.000 49610196.000 50708700.000 51816912.000 52934852.000 54062508.000 55199892.000 56346996.000 57503816.000 58670360.000 59846628.000 
46916920.000 48014028.000 49121200.000 50238436.000 51365736.000 52503104.000 53650540.000 54808032.000 55975600.000 57153232.000 58340924.000 59538680.000 60746504.000 61964396.000 
48539044.000 49674084.000 50819536.000 51975400.000 53141684.000 54318376.000 55505476.000 56702996.000 57910924.000 59129272.000 60358032.000 61597200.000 62846784.000 64106784.000 
50179824.000 51353232.000 52537404.000 53732340.000 54938040.000 56154516.000 57381744.000 58619740.000 59868504.000 61128036.000 62398332.000 63679388.000 64971212.000 66273804.000 
51839248.000 53051460.000 54274792.000 55509244.000 56754816.000 58011520.000 59279332.000 60558272.000 61848328.000 63149512.000 64461816.000 65785236.000 67119784.000 68465448.000 
53517316.000 54768768.000 56031700.000 57306112.000 58592004.000 59889388.000 61198240.000 62518580.000 63850396.000 65193700.000 66548484.000 67914752.000 69292496.000 70681712.000 
55214028.000 56505156.000 57808128.000 59122944.000 60449604.000 61788120.000 63138468.000 64500664.000 65874708.000 67260600.000 68658336.000 70067920.000 71489344.000 72922608.000 
56929384.000 58260624.000 59604076.000 60959740.000 62327620.000 63707716.000 65100016.000 66504532.000 67921272.000 69350224.000 70791384.000 72244760.000 73710344.000 75188136.000 
58663396.000 60035184.000 61419556.000 62816512.000 64226052.000 65648184.000 67082892.000 68530176.000 69990064.000 71462536.000 72947592.000 74445232.000 75955456.000 77478264.000 
60416040.000 61828812.000 63254544.000 64693236.000 66144888.000 67609512.000 69087088.000 70577616.000 72081120.000 73597584.000 75127008.000 76669392.000 78224736.000 79793040.000 
62187336.000 63641524.000 65109056.000 66589932.000 68084144.000 69591712.000 71112600.000 72646840.000 74194424.000 75755344.000 77329608.000 78917208.000 80518152.000 82132440.000 
63977272.000 65473320.000 66983092.000 68506592.000 70043816.000 71594768.000 73159440.000 74737840.000 76329968.000 77935816.000 79555392.000 81188688.000 82835712.000 84496464.000 
65785860.000 67324192.000 68876648.000 70443216.000 72023888.000 73618680.000 75227584.000 76850592.000 78487728.000 80138976.000 81804336.000 83483808.000 85177392.000 86885088.000 
67613080.000 69194152.000 70789720.000 72399808.000 74024376.000 75663472.000 77317064.000 78985152.000 80667760.000 82364872.000 84076488.000 85802608.000 87543232.000 89298360.000 
69458952.000 71083184.000 72722320.000 74376360.000 76045288.000 77729128.000 79427856.000 81141488.000 82870032.000 84613480.000 86371824.000 88145072.000 89933216.000 91736256.000 
71323472.000 72991304.000 74674440.000 76372880.000 78086608.000 79815648.000 81559976.000 83319608.000 85094552.000 86884800.000 88690344.000 90511192.000 92347336.000 94198776.000 
73206640.000 74918512.000 76646080.000 78389360.000 80148344.000 81923032.000 83713424.000 85519512.000 87341320.000 89178832.000 91032048.000 92900968.000 94785592.000 96685920.000 
75108456.000 76864792.000 78637248.000 80425816.000 82230488.000 84051280.000 85888184.000 87741200.000 89610328.000 91495576.000 93396936.000 95314408.000 97247992.000 99197688.000 
77028920.000 78830168.000 80647936.000 82482232.000 84333048.000 86200408.000 88084280.000 89984672.000 91901600.000 93835048.000 95785024.000 97751520.000 99734544.000 101734096.000 
78968024.000 80814608.000 82678144.000 84558616.000 86456024.000 88370392.000 90301680.000 92249920.000 94215104.000 96197224.000 98196288.000 100212288.000 102245232.000 104295120.000 
80925760.000 82818136.000 84727864.000 86654960.000 88599408.000 90561232.000 92540408.000 94536936.000 96550840.000 98582104.000 100630728.000 102696712.000 104780056.000 106880760.000 
82902144.000 84840736.000 86797104.000 88771272.000 90763208.000 92772936.000 94800448.000 96845736.000 98908824.000 100989696.000 103088352.000 105204792.000 107339016.000 109491024.000 
84897192.000 86882432.000 88885888.000 90907552.000 92947432.000 95005528.000 97081824.000 99176336.000 101289072.000 103420024.000 105569184.000 107736560.000 109922144.000 112125936.000 
86910864.000 88943200.000 90994168.000 93063800.000 95152048.000 97258960.000 99384512.000 101528696.000 103691544.000 105873040.000 108073176.000 110291960.000 112529384.000 114785448.000 
88943200.000 91023040.000 93121984.000 95240000.000 97377096.000 99533272.000 101708512.000 103902856.000 106116272.000 108348784.000 110600368.000 112871024.000 115160768.000 117469600.000 
90994168.000 93121984.000 95269312.000 97436176.000 99622536.000 101828440.000 104053856.000 106298784.000 108563248.000 110847232.000 113150736.000 115473760.000 117816304.000 120178368.000 
93063800.000 95240000.000 97436176.000 99652304.000 101888408.000 104144480.000 106420512.000 108716512.000 111032480.000 113368408.000 115724304.000 118100160.000 120495984.000 122911776.000 
95152048.000 97377096.000 99622536.000 101888408.000 104174672.000 106481376.000 108808488.000 111155992.000 113523928.000 115912272.000 118321032.000 120750200.000 123199784.000 125669784.000 
97258960.000 99533272.000 101828440.000 104144480.000 106481376.000 108839152.000 111217784.000 113617272.000 116037640.000 118478872.000 120940968.000 123423928.000 125927752.000 128452440.000 
99384512.000 101708512.000 104053856.000 106420512.000 108808488.000 111217784.000 113648384.000 116100328.000 118573584.000 121068176.000 123584080.000 126121296.000 128679840.000 131259704.000 
101528696.000 103902856.000 106298784.000 108716512.000 111155992.000 113617272.000 116100328.000 118605152.000 121131776.000 123680184.000 126250368.000 128842336.000 131456080.000 134091600.000 
103691544.000 106116272.000 108563248.000 111032480.000 113523928.000 116037640.000 118573584.000 121131776.000 123712224.000 126314920.000 128939856.000 131587040.000 134256464.000 136948128.000 
105873040.000 108348784.000 110847232.000 113368408.000 115912272.000 118478872.000 121068176.000 123680184.000 126314920.000 128972368.000 131652528.000 134355392.000 137080976.000 139829280.000 
108073176.000 110600368.000 113150736.000 115724304.000 118321032.000 120940968.000 123584080.000 126250368.000 128939856.000 131652528.000 134388384.000 137147424.000 139929648.000 142735056.000 
110291960.000 112871024.000 115473760.000 118100160.000 120750200.000 123423928.000 126121296.000 128842336.000 131587040.000 134355392.000 137147424.000 139963104.000 142802448.000 145665456.000 
112529384.000 115160768.000 117816304.000 120495984.000 123199784.000 125927752.000 128679840.000 131456080.000 134256464.000 137080976.000 139929648.000 142802448.000 145699392.000 148620480.000 
114785448.000 117469600.000 120178368.000 122911776.000 125669784.000 128452440.000 131259704.000 134091600.000 136948128.000 139829280.000 142735056.000 145665456.000 148620480.000 151600128.000 
117060160.000 119797504.000 122559952.000 125347528.000 128160192.000 130997992.000 133860880.000 136748912.000 139662048.000 142600288.000 145563648.000 148552112.000 151565696.000 154604400.000 
119353512.000 122144480.000 124961056.000 127803248.000 130671016.000 133564408.000 136483376.000 139427984.000 142398192.000 145394016.000 148415424.000 151462448.000 154535072.000 157633296.000 
121665512.000 124510552.000 127381680.000 130278928.000 133202248.000 136151664.000 139127200.000 142128848.000 145156592.000 148210448.000 151290384.000 154396432.000 157528576.000 160686816.000 
123996176.000 126895696.000 129821840.000 132774576.000 135753904.000 138759808.000 141792352.000 144851488.000 147937232.000 151049584.000 154188528.000 157354080.000 160546224.000 163764960.000 
126345472.000 129299944.000 132281512.000 135290192.000 138325968.000 141388832.000 144478832.000 147595920.000 150740128.000 153911440.000 157109856.000 160335376.000 163588000.000 166867728.000 
128713408.000 131723256.000 134760720.000 137825776.000 140918464.000 144038736.000 147186640.000 150362160.000 153565296.000 156796048.000 160054416.000 163340384.000 166653968.000 169995152.000 
131100008.000 134165648.000 137259424.000 140381328.000 143531360.000 146709472.000 149915760.000 153150160.000 156412688.000 159703328.000 163022112.000 166369008.000 169744032.000 173147184.000 
133505224.000 136627104.000 139777648.000 142956832.000 146164656.000 149401072.000 152666176.000 155959920.000 159282304.000 162633328.000 166012992.000 169421296.000 172858240.000 176323824.000 
135929104.000 139107648.000 142315392.000 145552304.000 148818368.000 152113552.000 155437920.000 158791456.000 162174160.000 165586032.000 169027056.000 172497248.000 175996592.000 179525088.000 
138371616.000 141607312.000 144872688.000 148167760.000 151492496.000 154846912.000 158231024.000 161644832.000 165088304.000 168561488.000 172064336.000 175596880.000 179159104.000 182751008.000 
140832800.000 144126016.000 147449488.000 150803168.000 154187040.000 157601104.000 161045408.000 164519936.000 168024672.000 171559632.000 175124784.000 178720160.000 182345744.000 186001536.000 
143312608.000 146663808.000 150045792.000 153458512.000 156901984.000 160376160.000 163881120.000 167416832.000 170983280.000 174580464.000 178208400.000 181867072.000 185556496.000 189276672.000 
145811056.000 149220704.000 152661632.000 156133856.000 159637344.000 163172112.000 166738160.000 170335520.000 173964144.000 177624032.000 181315216.000 185037696.000 188791440.000 192576448.000 
148328160.000 151796672.000 155297008.000 158829168.000 162393136.000 165988912.000 169616544.000 173275984.000 176967248.000 180690320.000 184445232.000 188231952.000 192050496.000 195900864.000 
150863904.000 154391696.000 157951872.000 161544416.000 165169328.000 168826576.000 172516208.000 176238208.000 179992576.000 183779296.000 187598400.000 191449856.000 195333680.000 199249872.000 
153418304.000 157005840.000 160626304.000 164279680.000 167965952.000 171685120.000 175437232.000 179222256.000 183040192.000 186891040.000 190774800.000 194691472.000 198641056.000 202623552.000 
155991344.000 159639024.000 163320208.000 167034848.000 170782960.000 174564512.000 178379536.000 182228048.000 186110016.000 190025440.000 193974336.000 197956688.000 201972512.000 206021808.000 
158583024.000 162291328.000 166033680.000 169810016.000 173620400.000 177464784.000 181343200.000 185255648.000 189202112.000 193182592.000 197197104.000 201245632.000 205328176.000 209444736.000 
161193344.000 164962688.000 168766624.000 172605152.000 176478256.000 180385904.000 184328160.000 188304992.000 192316416.000 196362432.000 200443008.000 204558176.000 208707920.000 212892240.000 
163822320.000 167653152.000 171519136.000 175420256.000 179356512.000 183327904.000 187334464.000 191376160.000 195453008.000 199565008.000 203712144.000 207894432.000 212111856.000 216364416.000 
166469936.000 170362672.000 174291120.000 178255296.000 182255184.000 186290752.000 190362064.000 194469072.000 198611808.000 202790256.000 207004416.000 211254288.000 215539872.000 219861168.000 
169136208.000 173091296.000 177082672.000 181110336.000 185174272.000 189274480.000 193411008.000 197583808.000 201792896.000 206038256.000 210319920.000 214637856.000 218992080.000 223382592.000 
171821104.000 175838960.000 179893696.000 183985296.000 188113760.000 192279072.000 196481232.000 200720272.000 204996176.000 209308928.000 213658560.000 218045040.000 222468384.000 226928592.000 
174524672.000 178605744.000 182724288.000 186880272.000 191073696.000 195304512.000 199572816.000 203878560.000 208221744.000 212602368.000 217020432.000 221475936.000 225968880.000 230499264.000 
177246864.000 181391616.000 185574400.000 189795200.000 194054016.000 198350848.000 202685728.000 207058624.000 211469552.000 215918512.000 220405488.000 224930496.000 229493520.000 234094560.000 
179799392.000 184003824.000 188246832.000 192528432.000 196848592.000 201207296.000 205604592.000 210040464.000 214514912.000 219027936.000 223579520.000 228169696.000 232798432.000 237465728.000 
177851136.000 182010016.000 186207040.000 190442240.000 194715568.000 199027056.000 203376688.000 207764512.000 212190464.000 216654560.000 221156832.000 225697264.000 230275840.000 234892560.000 
139388048.000 142647488.000 145936832.000 149256064.000 152605200.000 155984272.000 159393216.000 162832080.000 166300832.000 169799488.000 173328048.000 176886512.000 180474896.000 184093152.000 
